#FULL_A_16x16 decoded_real_signed_2_M5
1.09375000 -0.25000000 1.43750000 0.78125000 -1.62500000 1.90625000 1.03125000 1.15625000 -1.50000000 -0.18750000 -0.53125000 1.71875000 0.56250000 1.28125000 -0.21875000 -1.09375000
0.21875000 -1.75000000 1.31250000 0.53125000 1.03125000 -0.59375000 1.87500000 1.56250000 1.12500000 -1.21875000 -0.12500000 -1.81250000 -1.37500000 0.71875000 0.96875000 1.87500000
-0.68750000 -0.53125000 -0.12500000 -1.25000000 -1.46875000 -0.09375000 -1.09375000 0.68750000 -0.25000000 1.34375000 0.81250000 -0.75000000 1.34375000 1.21875000 -0.43750000 -0.84375000
0.71875000 -1.43750000 -1.18750000 -1.96875000 1.15625000 0.65625000 0.81250000 1.12500000 -0.15625000 0.28125000 -1.43750000 -1.53125000 0.68750000 -0.12500000 0.25000000 1.06250000
0.53125000 0.21875000 0.25000000 -0.78125000 -1.87500000 -0.25000000 -1.15625000 -0.37500000 1.40625000 -1.06250000 -1.78125000 -0.87500000 -0.81250000 0.65625000 0.21875000 1.12500000
0.65625000 -0.37500000 1.25000000 -1.34375000 -1.90625000 -1.62500000 0.87500000 -0.15625000 -1.34375000 0.00000000 -1.40625000 0.78125000 -0.21875000 -0.46875000 -0.78125000 0.53125000
-0.56250000 -1.65625000 -1.53125000 1.84375000 1.62500000 0.81250000 -0.93750000 1.87500000 1.12500000 0.87500000 -0.18750000 -0.90625000 -1.62500000 1.62500000 -0.18750000 -1.18750000
-0.78125000 0.31250000 -1.28125000 1.43750000 1.03125000 0.87500000 -0.28125000 0.50000000 0.34375000 0.59375000 -1.65625000 -0.34375000 -1.84375000 -0.03125000 -0.68750000 -1.43750000
-1.59375000 0.34375000 -1.31250000 1.68750000 0.31250000 -0.62500000 0.37500000 -1.90625000 1.84375000 -0.06250000 1.12500000 -1.65625000 -0.06250000 -0.03125000 1.75000000 0.28125000
-0.09375000 -0.93750000 -0.68750000 0.09375000 -0.25000000 -1.90625000 1.31250000 1.59375000 -1.43750000 0.21875000 -1.56250000 0.68750000 -0.87500000 0.62500000 0.90625000 1.06250000
-1.56250000 1.65625000 -1.09375000 -1.84375000 0.21875000 -0.53125000 1.31250000 1.21875000 -0.71875000 1.81250000 -0.84375000 0.06250000 -0.96875000 1.75000000 -1.34375000 -1.81250000
-0.25000000 1.96875000 1.56250000 1.00000000 1.56250000 1.56250000 0.06250000 -0.75000000 1.09375000 0.65625000 -0.50000000 -1.62500000 1.00000000 -0.93750000 1.75000000 -1.03125000
-1.50000000 1.31250000 -1.37500000 -1.28125000 0.40625000 1.50000000 -1.21875000 -0.75000000 1.12500000 1.87500000 0.00000000 -1.43750000 -1.93750000 -1.09375000 -1.46875000 0.71875000
-1.50000000 0.03125000 0.78125000 0.31250000 -1.18750000 1.21875000 0.87500000 0.96875000 -1.46875000 -1.50000000 1.71875000 -0.40625000 -0.78125000 -0.03125000 0.65625000 1.81250000
-0.84375000 1.68750000 -1.90625000 0.21875000 0.53125000 -1.56250000 -1.43750000 -0.31250000 1.87500000 0.37500000 1.71875000 1.21875000 -0.12500000 1.12500000 -1.93750000 -1.56250000
1.31250000 1.18750000 -1.06250000 0.12500000 0.43750000 1.46875000 0.40625000 -0.34375000 -0.50000000 -0.28125000 0.59375000 1.46875000 -0.18750000 -1.00000000 -1.06250000 0.96875000
#FULL_A_16x16 encoded
23 F8 2E 19 CC 3D 21 25 D0 FA EF 37 12 29 F9 DD
07 C8 2A 11 21 ED 3C 32 24 D9 FC C6 D4 17 1F 3C
EA EF FC D8 D1 FD DD 16 F8 2B 1A E8 2B 27 F2 E5
17 D2 DA C1 25 15 1A 24 FB 09 D2 CF 16 FC 08 22
11 07 08 E7 C4 F8 DB F4 2D DE C7 E4 E6 15 07 24
15 F4 28 D5 C3 CC 1C FB D5 00 D3 19 F9 F1 E7 11
EE CB CF 3B 34 1A E2 3C 24 1C FA E3 CC 34 FA DA
E7 0A D7 2E 21 1C F7 10 0B 13 CB F5 C5 FF EA D2
CD 0B D6 36 0A EC 0C C3 3B FE 24 CB FE FF 38 09
FD E2 EA 03 F8 C3 2A 33 D2 07 CE 16 E4 14 1D 22
CE 35 DD C5 07 EF 2A 27 E9 3A E5 02 E1 38 D5 C6
F8 3F 32 20 32 32 02 E8 23 15 F0 CC 20 E2 38 DF
D0 2A D4 D7 0D 30 D9 E8 24 3C 00 D2 C2 DD D1 17
D0 01 19 0A DA 27 1C 1F D1 D0 37 F3 E7 FF 15 3A
E5 36 C3 07 11 CE D2 F6 3C 0C 37 27 FC 24 C2 CE
2A 26 DE 04 0E 2F 0D F5 F0 F7 13 2F FA E0 DE 1F
#FULL_B_16x16 decoded_real_signed_2_M5
1.28125000 -1.59375000 -1.71875000 0.37500000 -1.40625000 1.31250000 -0.75000000 -1.43750000 1.68750000 -1.34375000 -0.87500000 -1.37500000 -1.53125000 -1.90625000 -1.78125000 -1.31250000
-1.78125000 0.37500000 0.71875000 -0.43750000 -0.71875000 0.03125000 1.50000000 1.40625000 -1.81250000 -1.28125000 -1.06250000 -1.00000000 0.28125000 -0.34375000 -1.81250000 -0.50000000
0.09375000 -1.59375000 1.34375000 -1.78125000 1.68750000 -1.59375000 1.37500000 1.62500000 1.90625000 1.21875000 1.12500000 0.56250000 1.12500000 -1.46875000 0.15625000 0.06250000
1.43750000 -0.15625000 -0.46875000 0.56250000 -0.93750000 -1.43750000 -0.09375000 -0.34375000 -1.06250000 -0.53125000 -0.53125000 -0.68750000 -0.46875000 0.75000000 -0.81250000 1.78125000
1.65625000 -0.06250000 -0.68750000 0.15625000 1.40625000 0.62500000 1.21875000 0.12500000 0.53125000 -0.84375000 0.93750000 -1.18750000 0.78125000 1.43750000 -1.46875000 0.46875000
-1.62500000 0.90625000 -1.65625000 1.75000000 -1.43750000 1.84375000 1.21875000 0.37500000 1.12500000 1.18750000 1.78125000 -1.00000000 0.37500000 -1.62500000 0.46875000 -1.31250000
0.25000000 0.28125000 -0.12500000 0.09375000 1.06250000 1.18750000 -0.03125000 0.40625000 1.71875000 -1.53125000 -1.53125000 -1.65625000 0.62500000 -0.31250000 1.09375000 0.68750000
-0.65625000 1.59375000 1.06250000 -0.90625000 -0.53125000 -0.75000000 -1.37500000 -1.40625000 1.75000000 -0.25000000 -0.46875000 0.90625000 0.21875000 1.75000000 1.12500000 -0.09375000
-0.50000000 1.93750000 0.87500000 1.81250000 -1.53125000 1.40625000 0.56250000 -1.50000000 0.34375000 0.75000000 -1.93750000 -0.18750000 1.31250000 -0.81250000 -0.15625000 -0.21875000
-0.78125000 1.68750000 1.12500000 -1.56250000 2.00000000 1.53125000 -0.87500000 1.34375000 -1.56250000 2.00000000 0.65625000 0.59375000 -1.62500000 1.59375000 -1.87500000 -1.03125000
-1.43750000 1.09375000 -1.21875000 1.65625000 0.62500000 -1.84375000 -1.96875000 -1.78125000 0.43750000 1.21875000 -1.03125000 1.40625000 -1.78125000 1.21875000 1.71875000 1.09375000
0.78125000 1.34375000 -1.84375000 -1.18750000 -1.50000000 0.03125000 0.96875000 0.53125000 1.40625000 -1.37500000 0.93750000 -1.21875000 -0.90625000 0.84375000 1.90625000 0.43750000
-1.78125000 0.46875000 -1.84375000 1.53125000 0.84375000 -1.31250000 -1.62500000 -1.28125000 1.90625000 -0.15625000 1.12500000 0.53125000 0.28125000 -1.40625000 1.78125000 -0.78125000
0.31250000 0.81250000 0.59375000 1.75000000 -1.40625000 0.03125000 -0.37500000 -0.09375000 -1.53125000 -1.46875000 -0.87500000 -0.78125000 -0.28125000 0.43750000 0.53125000 -0.34375000
-0.37500000 -1.12500000 0.34375000 -0.71875000 -1.84375000 -0.31250000 -0.09375000 -1.09375000 0.28125000 0.25000000 0.81250000 0.59375000 0.62500000 -0.75000000 1.15625000 0.18750000
-0.28125000 0.50000000 -0.56250000 0.06250000 0.93750000 1.53125000 1.68750000 0.00000000 0.09375000 1.18750000 -0.75000000 1.34375000 -0.03125000 -1.53125000 -1.71875000 1.37500000
#FULL_B_16x16 encoded
29 CD C9 0C D3 2A E8 D2 36 D5 E4 D4 CF C3 C7 D6
C7 0C 17 F2 E9 01 30 2D C6 D7 DE E0 09 F5 C6 F0
03 CD 2B C7 36 CD 2C 34 3D 27 24 12 24 D1 05 02
2E FB F1 12 E2 D2 FD F5 DE EF EF EA F1 18 E6 39
35 FE EA 05 2D 14 27 04 11 E5 1E DA 19 2E D1 0F
CC 1D CB 38 D2 3B 27 0C 24 26 39 E0 0C CC 0F D6
08 09 FC 03 22 26 FF 0D 37 CF CF CB 14 F6 23 16
EB 33 22 E3 EF E8 D4 D3 38 F8 F1 1D 07 38 24 FD
F0 3E 1C 3A CF 2D 12 D0 0B 18 C2 FA 2A E6 FB F9
E7 36 24 CE 40 31 E4 2B CE 40 15 13 CC 33 C4 DF
D2 23 D9 35 14 C5 C1 C7 0E 27 DF 2D C7 27 37 23
19 2B C5 DA D0 01 1F 11 2D D4 1E D9 E3 1B 3D 0E
C7 0F C5 31 1B D6 CC D7 3D FB 24 11 09 D3 39 E7
0A 1A 13 38 D3 01 F4 FD CF D1 E4 E7 F7 0E 11 F5
F4 DC 0B E9 C5 F6 FD DD 09 08 1A 13 14 E8 25 06
F7 10 EE 02 1E 31 36 00 03 26 E8 2B FF CF C9 2C
#FULL_C_16x16 decoded_real_signed_5_M10
0.00000000 0.00000000 0.00000000 0.00000000 0.00000000 0.00000000 0.00000000 0.00000000 0.00000000 0.00000000 0.00000000 0.00000000 0.00000000 0.00000000 0.00000000 0.00000000
0.00000000 0.00000000 0.00000000 0.00000000 0.00000000 0.00000000 0.00000000 0.00000000 0.00000000 0.00000000 0.00000000 0.00000000 0.00000000 0.00000000 0.00000000 0.00000000
0.00000000 0.00000000 0.00000000 0.00000000 0.00000000 0.00000000 0.00000000 0.00000000 0.00000000 0.00000000 0.00000000 0.00000000 0.00000000 0.00000000 0.00000000 0.00000000
0.00000000 0.00000000 0.00000000 0.00000000 0.00000000 0.00000000 0.00000000 0.00000000 0.00000000 0.00000000 0.00000000 0.00000000 0.00000000 0.00000000 0.00000000 0.00000000
0.00000000 0.00000000 0.00000000 0.00000000 0.00000000 0.00000000 0.00000000 0.00000000 0.00000000 0.00000000 0.00000000 0.00000000 0.00000000 0.00000000 0.00000000 0.00000000
0.00000000 0.00000000 0.00000000 0.00000000 0.00000000 0.00000000 0.00000000 0.00000000 0.00000000 0.00000000 0.00000000 0.00000000 0.00000000 0.00000000 0.00000000 0.00000000
0.00000000 0.00000000 0.00000000 0.00000000 0.00000000 0.00000000 0.00000000 0.00000000 0.00000000 0.00000000 0.00000000 0.00000000 0.00000000 0.00000000 0.00000000 0.00000000
0.00000000 0.00000000 0.00000000 0.00000000 0.00000000 0.00000000 0.00000000 0.00000000 0.00000000 0.00000000 0.00000000 0.00000000 0.00000000 0.00000000 0.00000000 0.00000000
0.00000000 0.00000000 0.00000000 0.00000000 0.00000000 0.00000000 0.00000000 0.00000000 0.00000000 0.00000000 0.00000000 0.00000000 0.00000000 0.00000000 0.00000000 0.00000000
0.00000000 0.00000000 0.00000000 0.00000000 0.00000000 0.00000000 0.00000000 0.00000000 0.00000000 0.00000000 0.00000000 0.00000000 0.00000000 0.00000000 0.00000000 0.00000000
0.00000000 0.00000000 0.00000000 0.00000000 0.00000000 0.00000000 0.00000000 0.00000000 0.00000000 0.00000000 0.00000000 0.00000000 0.00000000 0.00000000 0.00000000 0.00000000
0.00000000 0.00000000 0.00000000 0.00000000 0.00000000 0.00000000 0.00000000 0.00000000 0.00000000 0.00000000 0.00000000 0.00000000 0.00000000 0.00000000 0.00000000 0.00000000
0.00000000 0.00000000 0.00000000 0.00000000 0.00000000 0.00000000 0.00000000 0.00000000 0.00000000 0.00000000 0.00000000 0.00000000 0.00000000 0.00000000 0.00000000 0.00000000
0.00000000 0.00000000 0.00000000 0.00000000 0.00000000 0.00000000 0.00000000 0.00000000 0.00000000 0.00000000 0.00000000 0.00000000 0.00000000 0.00000000 0.00000000 0.00000000
0.00000000 0.00000000 0.00000000 0.00000000 0.00000000 0.00000000 0.00000000 0.00000000 0.00000000 0.00000000 0.00000000 0.00000000 0.00000000 0.00000000 0.00000000 0.00000000
0.00000000 0.00000000 0.00000000 0.00000000 0.00000000 0.00000000 0.00000000 0.00000000 0.00000000 0.00000000 0.00000000 0.00000000 0.00000000 0.00000000 0.00000000 0.00000000
#FULL_C_16x16 encoded
0000 0000 0000 0000 0000 0000 0000 0000 0000 0000 0000 0000 0000 0000 0000 0000
0000 0000 0000 0000 0000 0000 0000 0000 0000 0000 0000 0000 0000 0000 0000 0000
0000 0000 0000 0000 0000 0000 0000 0000 0000 0000 0000 0000 0000 0000 0000 0000
0000 0000 0000 0000 0000 0000 0000 0000 0000 0000 0000 0000 0000 0000 0000 0000
0000 0000 0000 0000 0000 0000 0000 0000 0000 0000 0000 0000 0000 0000 0000 0000
0000 0000 0000 0000 0000 0000 0000 0000 0000 0000 0000 0000 0000 0000 0000 0000
0000 0000 0000 0000 0000 0000 0000 0000 0000 0000 0000 0000 0000 0000 0000 0000
0000 0000 0000 0000 0000 0000 0000 0000 0000 0000 0000 0000 0000 0000 0000 0000
0000 0000 0000 0000 0000 0000 0000 0000 0000 0000 0000 0000 0000 0000 0000 0000
0000 0000 0000 0000 0000 0000 0000 0000 0000 0000 0000 0000 0000 0000 0000 0000
0000 0000 0000 0000 0000 0000 0000 0000 0000 0000 0000 0000 0000 0000 0000 0000
0000 0000 0000 0000 0000 0000 0000 0000 0000 0000 0000 0000 0000 0000 0000 0000
0000 0000 0000 0000 0000 0000 0000 0000 0000 0000 0000 0000 0000 0000 0000 0000
0000 0000 0000 0000 0000 0000 0000 0000 0000 0000 0000 0000 0000 0000 0000 0000
0000 0000 0000 0000 0000 0000 0000 0000 0000 0000 0000 0000 0000 0000 0000 0000
0000 0000 0000 0000 0000 0000 0000 0000 0000 0000 0000 0000 0000 0000 0000 0000
#FULL_D_16x16_one_shot_reference decoded_real_signed_5_M10
-0.39453125 -0.77832031 -5.21582031 -1.62500000 -7.14648438 -2.79785156 -1.75976562 2.70410156 10.19433594 -5.87988281 5.35839844 -6.59277344 -2.73144531 -3.92578125 10.06250000 -4.22460938
7.33691406 -3.42675781 6.92871094 1.15234375 2.41406250 2.26660156 2.51953125 -5.78515625 7.72949219 0.80273438 -8.17675781 2.40332031 7.77734375 -2.63671875 -1.15917969 7.68945312
-9.03808594 5.44042969 3.50585938 2.51074219 2.99023438 -4.52441406 -10.81738281 -2.18457031 -3.06152344 6.15722656 2.04589844 7.80761719 -3.85839844 3.29101562 6.34570312 -5.92968750
-0.07421875 0.07226562 -0.82812500 1.72753906 4.30371094 11.13085938 -1.79492188 -3.95214844 6.76074219 0.95214844 1.91308594 0.85937500 3.62304688 -3.60253906 -2.76855469 -5.15625000
-0.29296875 -3.79687500 6.54492188 0.83496094 -8.09277344 5.05273438 5.64062500 -0.14062500 -4.36718750 1.39062500 -4.81738281 2.14453125 4.75878906 -10.82714844 -5.45507812 -3.03906250
3.18945312 -6.75585938 3.29394531 -11.74316406 5.80371094 -0.18457031 0.94433594 6.86425781 4.13964844 -2.42382812 -0.08691406 1.21972656 -1.06152344 -4.70019531 0.44433594 -1.12011719
6.76464844 8.19628906 4.93359375 6.02050781 -6.36035156 2.65722656 -4.51562500 -5.67675781 -7.46484375 0.61425781 -1.69628906 -1.87988281 -0.57714844 14.30566406 -2.72851562 0.92285156
5.68945312 3.18554688 5.15429688 -1.23925781 -4.45800781 5.37695312 4.05078125 4.79296875 -9.74316406 -2.84667969 0.45019531 -7.04492188 2.08984375 9.01953125 -7.68652344 -0.85937500
-1.89160156 1.56738281 2.94531250 9.13574219 -1.78613281 -1.16113281 -0.32714844 -4.86523438 -11.49414062 3.83496094 -7.00292969 2.48046875 3.19140625 0.83203125 -1.82910156 7.18847656
8.03222656 -1.51562500 4.70117188 -10.22656250 0.83300781 1.22851562 -1.51269531 0.88281250 0.07519531 -6.80468750 -2.53906250 0.46582031 -0.64941406 6.08789062 0.81933594 4.63378906
-3.45996094 9.35937500 10.83691406 -5.45117188 4.31250000 4.48925781 -2.05566406 9.67578125 -10.29199219 -6.44140625 -2.80859375 -4.82031250 -0.43945312 13.94140625 -0.50683594 -5.73828125
-5.73730469 -3.65039062 3.09082031 1.11523438 0.78320312 0.24609375 6.30664062 3.34570312 -0.10742188 4.00683594 5.30175781 -3.25585938 8.31054688 -6.74316406 -6.30859375 -3.70507812
-7.50000000 8.69726562 6.62402344 0.88183594 5.03417969 12.71679688 7.22460938 7.64062500 -14.60253906 11.79687500 -0.92968750 2.78710938 0.22851562 3.79003906 -14.34863281 -3.80761719
-6.07519531 -0.18945312 -0.46875000 0.76074219 0.91210938 -5.79394531 1.88281250 -0.13964844 3.44140625 4.66503906 -0.71386719 6.60742188 1.28515625 -1.95800781 8.30273438 7.71972656
-1.69531250 12.66699219 0.90136719 7.24511719 -4.27148438 -3.86035156 -4.41015625 -2.79980469 -12.96972656 -4.88964844 -8.79687500 -2.11328125 -5.44628906 13.90820312 -0.36621094 0.69042969
-0.77734375 2.85644531 -11.38183594 2.48339844 -3.00488281 6.84277344 4.74023438 0.85839844 3.44433594 -3.65820312 -0.48339844 -6.32421875 -4.91210938 -2.68164062 -3.98730469 -0.25683594
#FULL_D_16x16_one_shot_reference encoded
FE6C FCE3 EB23 F980 E36A F4CF F8F6 0AD1 28C7 E87B 156F E5A1 F513 F04C 2840 EF1A
1D59 F24B 1BB7 049C 09A8 0911 0A14 E8DC 1EEB 0336 DF4B 099D 1F1C F574 FB5D 1EC2
DBD9 15C3 0E06 0A0B 0BF6 EDE7 D4BB F743 F3C1 18A1 082F 1F3B F091 0D2A 1962 E848
FFB4 004A FCB0 06E9 1137 2C86 F8D2 F031 1B0B 03CF 07A7 0370 0E7E F197 F4ED EB60
FED4 F0D0 1A2E 0357 DFA1 1436 1690 FF70 EE88 0590 ECBB 0894 1309 D4B1 EA2E F3D8
0CC2 E4FA 0D2D D107 1737 FF43 03C7 1B75 108F F64E FFA7 04E1 FBC1 ED33 01C7 FB85
1B0F 20C9 13BC 1815 E68F 0AA1 EDF0 E94B E224 0275 F937 F87B FDB1 3939 F516 03B1
16C2 0CBE 149E FB0B EE2B 1582 1034 132C D907 F49D 01CD E3D2 085C 2414 E141 FC90
F86F 0645 0BC8 248B F8DB FB5B FEB1 EC8A D206 0F57 E3FD 09EC 0CC4 0354 F8AF 1CC1
2021 F9F0 12CE D718 0355 04EA F9F3 0388 004D E4C8 F5D8 01DD FD67 185A 0347 1289
F229 2570 2B59 EA32 1140 11F5 F7C7 26B4 D6D5 E63C F4C4 ECB8 FE3E 37C4 FDF9 E90C
E90D F166 0C5D 0476 0322 00FC 193A 0D62 FF92 1007 1535 F2FA 213E E507 E6C4 F12E
E200 22CA 1A7F 0387 1423 32DE 1CE6 1E90 C597 2F30 FC48 0B26 00EA 0F29 C69B F0C5
E7B3 FF3E FE20 030B 03A6 E8D3 0788 FF71 0DC4 12A9 FD25 1A6E 0524 F82B 2136 1EE1
F938 32AB 039B 1CFB EEEA F08F EE5C F4CD CC1F EC71 DCD0 F78C EA37 37A2 FE89 02C3
FCE4 0B6D D279 09EF F3FB 1B5F 12F6 036F 0DC7 F15E FE11 E6B4 EC5A F546 F00D FEF9
