#Compact FlexGrip FXP16_32 experiment.
#RTL-derived fixed-point interpretation:
#  X,Y : signed_6_M10  -> 16-bit with 10 fractional bits
#  A,R : signed_11_M20 -> 32-bit with 20 fractional bits
#Raw-domain fixed-point reference: D_raw = C_raw + A_raw @ B_raw, saturated to signed 32-bit.
#DPU-like error reference uses original random real operands before fixed-point quantization.
#Only B is transposed by the global_mem generator for hardware feeding.

#FULL_A_16x16 decoded_real_signed_6_M10
1.09570312 -0.24414062 1.43457031 0.78906250 -1.62304688 1.90234375 1.04492188 1.14453125 -1.48730469 -0.19824219 -0.51660156 1.70703125 0.57519531 1.29101562 -0.22656250 -1.09082031
0.21875000 -1.74511719 1.31054688 0.52636719 1.03222656 -0.58203125 1.88281250 1.57226562 1.11328125 -1.22167969 -0.13281250 -1.82519531 -1.38281250 0.73242188 0.97949219 1.87011719
-0.69628906 -0.51855469 -0.12207031 -1.24218750 -1.48046875 -0.09765625 -1.09277344 0.67968750 -0.25097656 1.33105469 0.80078125 -0.75097656 1.32910156 1.21875000 -0.45019531 -0.84667969
0.73046875 -1.44140625 -1.20019531 -1.97070312 1.14746094 0.65917969 0.82031250 1.12304688 -0.16406250 0.27539062 -1.44042969 -1.54199219 0.67382812 -0.11523438 0.26074219 1.05957031
0.53906250 0.21386719 0.23730469 -0.78417969 -1.87695312 -0.25292969 -1.14160156 -0.36621094 1.41406250 -1.06445312 -1.76660156 -0.87402344 -0.82519531 0.64746094 0.22851562 1.13574219
0.65722656 -0.37402344 1.25585938 -1.33203125 -1.90917969 -1.63964844 0.88964844 -0.15234375 -1.35449219 0.00390625 -1.39062500 0.78515625 -0.21582031 -0.47558594 -0.79394531 0.52148438
-0.55273438 -1.64941406 -1.52832031 1.84765625 1.63476562 0.79882812 -0.93652344 1.87695312 1.11523438 0.86718750 -0.20214844 -0.91113281 -1.61425781 1.61035156 -0.17675781 -1.19042969
-0.77636719 0.31640625 -1.29296875 1.42675781 1.03417969 0.87792969 -0.27148438 0.50878906 0.33593750 0.59960938 -1.66210938 -0.33691406 -1.83398438 -0.02441406 -0.68066406 -1.42187500
-1.58593750 0.35058594 -1.31738281 1.70019531 0.32421875 -0.61230469 0.36328125 -1.90917969 1.83398438 -0.07031250 1.13085938 -1.66894531 -0.05371094 -0.03710938 1.75097656 0.28710938
-0.10644531 -0.93164062 -0.67382812 0.08300781 -0.24414062 -1.91308594 1.30468750 1.58496094 -1.43945312 0.21582031 -1.56542969 0.68847656 -0.87500000 0.63769531 0.90820312 1.07421875
-1.56933594 1.66406250 -1.07910156 -1.85058594 0.21972656 -0.51660156 1.31933594 1.23339844 -0.73144531 1.81152344 -0.83593750 0.06054688 -0.97656250 1.74414062 -1.34179688 -1.82031250
-0.25976562 1.96972656 1.56640625 0.99414062 1.56347656 1.57421875 0.07519531 -0.73632812 1.08789062 0.64648438 -0.50488281 -1.62207031 0.98730469 -0.95019531 1.74707031 -1.03613281
-1.50878906 1.32421875 -1.38671875 -1.28320312 0.39746094 1.49804688 -1.21386719 -0.75878906 1.10937500 1.88769531 0.00292969 -1.42480469 -1.94433594 -1.08105469 -1.47265625 0.71093750
-1.51269531 0.02539062 0.77734375 0.32421875 -1.20117188 1.21679688 0.86132812 0.95605469 -1.47558594 -1.50488281 1.70996094 -0.41015625 -0.79589844 -0.04589844 0.65136719 1.82226562
-0.85449219 1.69921875 -1.90039062 0.22070312 0.53613281 -1.57617188 -1.43847656 -0.32324219 1.86523438 0.38378906 1.73242188 1.21777344 -0.13085938 1.13867188 -1.92871094 -1.56347656
1.31738281 1.18750000 -1.06933594 0.12304688 0.42382812 1.47070312 0.41210938 -0.34960938 -0.50292969 -0.29687500 0.60742188 1.46972656 -0.18457031 -1.00878906 -1.05371094 0.98437500
#FULL_A_16x16 encoded
0462 FF06 05BD 0328 F982 079C 042E 0494 FA0D FF35 FDEF 06D4 024D 052A FF18 FBA3
00E0 F905 053E 021B 0421 FDAC 0788 064A 0474 FB1D FF78 F8B3 FA78 02EE 03EB 077B
FD37 FDED FF83 FB08 FA14 FF9C FBA1 02B8 FEFF 0553 0334 FCFF 0551 04E0 FE33 FC9D
02EC FA3C FB33 F81E 0497 02A3 0348 047E FF58 011A FA3D F9D5 02B2 FF8A 010B 043D
0228 00DB 00F3 FCDD F87E FEFD FB6F FE89 05A8 FBBE F8EF FC81 FCB3 0297 00EA 048B
02A1 FE81 0506 FAAC F85D F971 038F FF64 FA95 0004 FA70 0324 FF23 FE19 FCD3 0216
FDCA F967 F9E3 0764 068A 0332 FC41 0782 0476 0378 FF31 FC5B F98B 0671 FF4B FB3D
FCE5 0144 FAD4 05B5 0423 0383 FEEA 0209 0158 0266 F95A FEA7 F8AA FFE7 FD47 FA50
F9A8 0167 FABB 06CD 014C FD8D 0174 F85D 0756 FFB8 0486 F953 FFC9 FFDA 0701 0126
FF93 FC46 FD4E 0055 FF06 F859 0538 0657 FA3E 00DD F9BD 02C1 FC80 028D 03A2 044C
F9B9 06A8 FBAF F899 00E1 FDEF 0547 04EF FD13 073F FCA8 003E FC18 06FA FAA2 F8B8
FEF6 07E1 0644 03FA 0641 064C 004D FD0E 045A 0296 FDFB F983 03F3 FC33 06FD FBDB
F9F7 054C FA74 FADE 0197 05FE FB25 FCF7 0470 078D 0003 FA4D F839 FBAD FA1C 02D8
F9F3 001A 031C 014C FB32 04DE 0372 03D3 FA19 F9FB 06D7 FE5C FCD1 FFD1 029B 074A
FC95 06CC F866 00E2 0225 F9B2 FA3F FEB5 0776 0189 06EE 04DF FF7A 048E F849 F9BF
0545 04C0 FBB9 007E 01B2 05E2 01A6 FE9A FDFD FED0 026E 05E1 FF43 FBF7 FBC9 03F0
#FULL_B_16x16 decoded_real_signed_6_M10
1.26660156 -1.57910156 -1.73339844 0.37792969 -1.41503906 1.29882812 -0.75878906 -1.42480469 1.68359375 -1.33789062 -0.86132812 -1.38574219 -1.53808594 -1.91503906 -1.77832031 -1.30175781
-1.78613281 0.36425781 0.72265625 -0.42578125 -0.72851562 0.01855469 1.50000000 1.40429688 -1.82617188 -1.27441406 -1.05273438 -1.00292969 0.28515625 -0.33496094 -1.80273438 -0.50585938
0.09472656 -1.59375000 1.33398438 -1.79199219 1.69921875 -1.60351562 1.37402344 1.61035156 1.91796875 1.20800781 1.11816406 0.57031250 1.11621094 -1.46191406 0.14453125 0.05664062
1.43066406 -0.14843750 -0.45996094 0.55859375 -0.93457031 -1.44140625 -0.08886719 -0.33203125 -1.06933594 -0.53027344 -0.53417969 -0.69042969 -0.48242188 0.74316406 -0.81250000 1.79589844
1.66503906 -0.07617188 -0.68652344 0.14160156 1.39453125 0.61035156 1.21777344 0.13085938 0.53125000 -0.84765625 0.93945312 -1.19042969 0.77929688 1.44335938 -1.47167969 0.45703125
-1.61914062 0.90332031 -1.66210938 1.74414062 -1.45019531 1.83593750 1.20312500 0.37500000 1.13085938 1.18066406 1.78417969 -0.98632812 0.36035156 -1.62011719 0.46484375 -1.31445312
0.25976562 0.29003906 -0.13574219 0.09082031 1.05566406 1.19726562 -0.03125000 0.39843750 1.72460938 -1.52148438 -1.53125000 -1.64941406 0.63183594 -0.32519531 1.09765625 0.68457031
-0.66503906 1.59375000 1.04980469 -0.91796875 -0.54296875 -0.74218750 -1.36914062 -1.40917969 1.74414062 -0.24804688 -0.46679688 0.91894531 0.21191406 1.74414062 1.12109375 -0.08300781
-0.49414062 1.94628906 0.87109375 1.80468750 -1.52636719 1.40234375 0.54785156 -1.51269531 0.35351562 0.74414062 -1.95117188 -0.18261719 1.30175781 -0.81835938 -0.16601562 -0.23046875
-0.79199219 1.67382812 1.12500000 -1.55761719 1.98828125 1.51660156 -0.86425781 1.34765625 -1.57421875 1.99609375 0.66308594 0.60058594 -1.63867188 1.58789062 -1.88378906 -1.03710938
-1.42773438 1.10742188 -1.20703125 1.64257812 0.62500000 -1.85546875 -1.97851562 -1.79296875 0.42382812 1.20605469 -1.04589844 1.39746094 -1.77148438 1.20410156 1.71093750 1.08886719
0.79296875 1.35156250 -1.83984375 -1.19335938 -1.50000000 0.01855469 0.98046875 0.52050781 1.40429688 -1.37890625 0.93847656 -1.22753906 -0.91699219 0.83984375 1.92089844 0.44628906
-1.78222656 0.46484375 -1.83105469 1.53613281 0.83789062 -1.30761719 -1.63281250 -1.26562500 1.91992188 -0.16601562 1.13671875 0.54589844 0.29003906 -1.41992188 1.78417969 -0.79492188
0.31250000 0.79882812 0.59667969 1.76269531 -1.40625000 0.03320312 -0.38378906 -0.10351562 -1.52343750 -1.46386719 -0.88769531 -0.78125000 -0.28808594 0.44433594 0.53808594 -0.35253906
-0.36523438 -1.12988281 0.35351562 -0.73144531 -1.85546875 -0.32617188 -0.10351562 -1.09765625 0.29003906 0.26269531 0.80761719 0.59179688 0.60937500 -0.73535156 1.14941406 0.19628906
-0.27441406 0.50390625 -0.55761719 0.05078125 0.94726562 1.54589844 1.68457031 0.01464844 0.08105469 1.19921875 -0.74218750 1.34960938 -0.02343750 -1.53613281 -1.71191406 1.36816406
#FULL_B_16x16 encoded
0511 F9AF F911 0183 FA57 0532 FCF7 FA4D 06BC FAA6 FC8E FA75 F9D9 F857 F8E3 FACB
F8DB 0175 02E4 FE4C FD16 0013 0600 059E F8B2 FAE7 FBCA FBFD 0124 FEA9 F8CA FDFA
0061 F9A0 0556 F8D5 06CC F996 057F 0671 07AC 04D5 0479 0248 0477 FA27 0094 003A
05B9 FF68 FE29 023C FC43 FA3C FFA5 FEAC FBB9 FDE1 FDDD FD3D FE12 02F9 FCC0 072F
06A9 FFB2 FD41 0091 0594 0271 04DF 0086 0220 FC9C 03C2 FB3D 031E 05C6 FA1D 01D4
F986 039D F95A 06FA FA33 0758 04D0 0180 0486 04B9 0723 FC0E 0171 F985 01DC FABE
010A 0129 FF75 005D 0439 04CA FFE0 0198 06E6 F9EA F9E0 F967 0287 FEB3 0464 02BD
FD57 0660 0433 FC54 FDD4 FD08 FA86 FA5D 06FA FF02 FE22 03AD 00D9 06FA 047C FFAB
FE06 07C9 037C 0738 F9E5 059C 0231 F9F3 016A 02FA F832 FF45 0535 FCBA FF56 FF14
FCD5 06B2 0480 F9C5 07F4 0611 FC8B 0564 F9B4 07FC 02A7 0267 F972 065A F877 FBDA
FA4A 046E FB2C 0692 0280 F894 F816 F8D4 01B2 04D3 FBD1 0597 F8EA 04D1 06D8 045B
032C 0568 F8A4 FB3A FA00 0013 03EC 0215 059E FA7C 03C1 FB17 FC55 035C 07AF 01C9
F8DF 01DC F8AD 0625 035A FAC5 F978 FAF0 07AE FF56 048C 022F 0129 FA52 0723 FCD2
0140 0332 0263 070D FA60 0022 FE77 FF96 F9E8 FA25 FC73 FCE0 FED9 01C7 0227 FE97
FE8A FB7B 016A FD13 F894 FEB2 FF96 FB9C 0129 010D 033B 025E 0270 FD0F 0499 00C9
FEE7 0204 FDC5 0034 03CA 062F 06BD 000F 0053 04CC FD08 0566 FFE8 F9DB F927 0579
#FULL_C_16x16 decoded_real_signed_11_M20
0.00000000 0.00000000 0.00000000 0.00000000 0.00000000 0.00000000 0.00000000 0.00000000 0.00000000 0.00000000 0.00000000 0.00000000 0.00000000 0.00000000 0.00000000 0.00000000
0.00000000 0.00000000 0.00000000 0.00000000 0.00000000 0.00000000 0.00000000 0.00000000 0.00000000 0.00000000 0.00000000 0.00000000 0.00000000 0.00000000 0.00000000 0.00000000
0.00000000 0.00000000 0.00000000 0.00000000 0.00000000 0.00000000 0.00000000 0.00000000 0.00000000 0.00000000 0.00000000 0.00000000 0.00000000 0.00000000 0.00000000 0.00000000
0.00000000 0.00000000 0.00000000 0.00000000 0.00000000 0.00000000 0.00000000 0.00000000 0.00000000 0.00000000 0.00000000 0.00000000 0.00000000 0.00000000 0.00000000 0.00000000
0.00000000 0.00000000 0.00000000 0.00000000 0.00000000 0.00000000 0.00000000 0.00000000 0.00000000 0.00000000 0.00000000 0.00000000 0.00000000 0.00000000 0.00000000 0.00000000
0.00000000 0.00000000 0.00000000 0.00000000 0.00000000 0.00000000 0.00000000 0.00000000 0.00000000 0.00000000 0.00000000 0.00000000 0.00000000 0.00000000 0.00000000 0.00000000
0.00000000 0.00000000 0.00000000 0.00000000 0.00000000 0.00000000 0.00000000 0.00000000 0.00000000 0.00000000 0.00000000 0.00000000 0.00000000 0.00000000 0.00000000 0.00000000
0.00000000 0.00000000 0.00000000 0.00000000 0.00000000 0.00000000 0.00000000 0.00000000 0.00000000 0.00000000 0.00000000 0.00000000 0.00000000 0.00000000 0.00000000 0.00000000
0.00000000 0.00000000 0.00000000 0.00000000 0.00000000 0.00000000 0.00000000 0.00000000 0.00000000 0.00000000 0.00000000 0.00000000 0.00000000 0.00000000 0.00000000 0.00000000
0.00000000 0.00000000 0.00000000 0.00000000 0.00000000 0.00000000 0.00000000 0.00000000 0.00000000 0.00000000 0.00000000 0.00000000 0.00000000 0.00000000 0.00000000 0.00000000
0.00000000 0.00000000 0.00000000 0.00000000 0.00000000 0.00000000 0.00000000 0.00000000 0.00000000 0.00000000 0.00000000 0.00000000 0.00000000 0.00000000 0.00000000 0.00000000
0.00000000 0.00000000 0.00000000 0.00000000 0.00000000 0.00000000 0.00000000 0.00000000 0.00000000 0.00000000 0.00000000 0.00000000 0.00000000 0.00000000 0.00000000 0.00000000
0.00000000 0.00000000 0.00000000 0.00000000 0.00000000 0.00000000 0.00000000 0.00000000 0.00000000 0.00000000 0.00000000 0.00000000 0.00000000 0.00000000 0.00000000 0.00000000
0.00000000 0.00000000 0.00000000 0.00000000 0.00000000 0.00000000 0.00000000 0.00000000 0.00000000 0.00000000 0.00000000 0.00000000 0.00000000 0.00000000 0.00000000 0.00000000
0.00000000 0.00000000 0.00000000 0.00000000 0.00000000 0.00000000 0.00000000 0.00000000 0.00000000 0.00000000 0.00000000 0.00000000 0.00000000 0.00000000 0.00000000 0.00000000
0.00000000 0.00000000 0.00000000 0.00000000 0.00000000 0.00000000 0.00000000 0.00000000 0.00000000 0.00000000 0.00000000 0.00000000 0.00000000 0.00000000 0.00000000 0.00000000
#FULL_C_16x16 encoded
00000000 00000000 00000000 00000000 00000000 00000000 00000000 00000000 00000000 00000000 00000000 00000000 00000000 00000000 00000000 00000000
00000000 00000000 00000000 00000000 00000000 00000000 00000000 00000000 00000000 00000000 00000000 00000000 00000000 00000000 00000000 00000000
00000000 00000000 00000000 00000000 00000000 00000000 00000000 00000000 00000000 00000000 00000000 00000000 00000000 00000000 00000000 00000000
00000000 00000000 00000000 00000000 00000000 00000000 00000000 00000000 00000000 00000000 00000000 00000000 00000000 00000000 00000000 00000000
00000000 00000000 00000000 00000000 00000000 00000000 00000000 00000000 00000000 00000000 00000000 00000000 00000000 00000000 00000000 00000000
00000000 00000000 00000000 00000000 00000000 00000000 00000000 00000000 00000000 00000000 00000000 00000000 00000000 00000000 00000000 00000000
00000000 00000000 00000000 00000000 00000000 00000000 00000000 00000000 00000000 00000000 00000000 00000000 00000000 00000000 00000000 00000000
00000000 00000000 00000000 00000000 00000000 00000000 00000000 00000000 00000000 00000000 00000000 00000000 00000000 00000000 00000000 00000000
00000000 00000000 00000000 00000000 00000000 00000000 00000000 00000000 00000000 00000000 00000000 00000000 00000000 00000000 00000000 00000000
00000000 00000000 00000000 00000000 00000000 00000000 00000000 00000000 00000000 00000000 00000000 00000000 00000000 00000000 00000000 00000000
00000000 00000000 00000000 00000000 00000000 00000000 00000000 00000000 00000000 00000000 00000000 00000000 00000000 00000000 00000000 00000000
00000000 00000000 00000000 00000000 00000000 00000000 00000000 00000000 00000000 00000000 00000000 00000000 00000000 00000000 00000000 00000000
00000000 00000000 00000000 00000000 00000000 00000000 00000000 00000000 00000000 00000000 00000000 00000000 00000000 00000000 00000000 00000000
00000000 00000000 00000000 00000000 00000000 00000000 00000000 00000000 00000000 00000000 00000000 00000000 00000000 00000000 00000000 00000000
00000000 00000000 00000000 00000000 00000000 00000000 00000000 00000000 00000000 00000000 00000000 00000000 00000000 00000000 00000000 00000000
00000000 00000000 00000000 00000000 00000000 00000000 00000000 00000000 00000000 00000000 00000000 00000000 00000000 00000000 00000000 00000000
#FULL_D_16x16_one_shot_reference decoded_real_signed_11_M20
-0.44012451 -0.73989964 -5.30335808 -1.47096539 -7.16677380 -2.83339214 -1.78050041 2.61717129 10.23353481 -5.92453194 5.27816677 -6.58180428 -2.78987217 -3.98247051 10.10425472 -4.12808228
7.35801601 -3.41453743 6.90583515 1.04734135 2.40617466 2.36530781 2.48026848 -5.79108047 7.74776745 0.82238102 -8.22797966 2.41004848 7.79341412 -2.64414406 -1.20700741 7.65594673
-9.04733658 5.36513233 3.58173561 2.54095459 2.96056271 -4.51599979 -10.74978542 -2.12357426 -3.13059616 6.07042408 1.98739433 7.80917645 -3.80715942 3.26308060 6.28146744 -5.94056606
-0.05002308 -0.01449585 -0.87685204 1.73962307 4.17646885 11.24596500 -1.85109997 -3.91395664 6.75929832 0.94640350 1.92724895 0.88982677 3.62806988 -3.63106251 -2.78762627 -5.20118141
-0.31596375 -3.75487041 6.49633789 0.89033508 -8.05744648 5.16100121 5.57601357 -0.22234154 -4.29289055 1.44220924 -4.90938568 2.16391659 4.72509670 -10.76242256 -5.42821693 -2.99040890
3.17930794 -6.72724342 3.23214436 -11.73072815 5.94205284 -0.21162319 0.93869019 6.86515999 4.17312908 -2.42368126 -0.08136654 1.21308708 -1.06971359 -4.63592911 0.52271366 -1.04187393
6.78125381 8.05299282 4.91043663 5.92578602 -6.38095760 2.60797691 -4.50873280 -5.68518162 -7.43148041 0.54238605 -1.73281193 -1.88896275 -0.63720989 14.28397846 -2.81765270 0.95469666
5.62654495 3.17853642 5.08420658 -1.21859741 -4.49649334 5.43412971 4.09101868 4.78865910 -9.72835350 -2.87315750 0.45073795 -7.05994129 2.01314831 9.04821873 -7.68714237 -0.84171104
-1.85475826 1.52416706 2.96377087 9.17971897 -1.77715683 -1.18821239 -0.37511444 -4.89731121 -11.49947166 3.86223888 -7.03842449 2.46050358 3.19067860 0.79974270 -1.92467213 7.15517044
8.01360321 -1.54037285 4.72483063 -10.25407887 0.87504673 1.28553391 -1.36303902 0.96136951 0.01611996 -6.69739914 -2.49501419 0.49347305 -0.60844517 6.07159138 0.84642220 4.71477699
-3.54166031 9.24659538 10.82599735 -5.40768528 4.28230000 4.47254562 -1.97070312 9.65184784 -10.26099873 -6.39933109 -2.76092529 -4.79416370 -0.39942360 13.99042988 -0.42897320 -5.78903389
-5.73825455 -3.71331882 3.12223911 1.03524685 0.72451496 0.15398502 6.29146481 3.39355469 0.00396156 3.97512627 5.33420372 -3.23110390 8.29483604 -6.66706467 -6.32839966 -3.74561691
-7.52495861 8.67815781 6.62407112 0.87736893 5.02156067 12.71357155 7.21625328 7.72021770 -14.79222488 11.73592186 -0.92108536 2.76733017 0.17684174 3.90521812 -14.36617279 -3.88007545
-5.98552132 -0.20077229 -0.42640686 0.65023899 0.94976044 -5.74377060 1.91684341 -0.12142849 3.31654835 4.74741077 -0.73293686 6.68278885 1.32308292 -1.96081543 8.24586201 7.79404545
-1.70646954 12.64450932 1.01412487 7.27350140 -4.21495247 -3.97105026 -4.39044571 -2.80315399 -13.13725471 -4.94407558 -8.86142254 -2.16080093 -5.44755554 13.94434738 -0.35116768 0.68729019
-0.80344296 2.87512684 -11.46156979 2.51834393 -3.07419586 6.80009079 4.72888756 0.83722878 3.42366886 -3.64586926 -0.45936584 -6.31694221 -4.91410255 -2.79818153 -3.88092327 -0.20010185
#FULL_D_16x16_one_shot_reference encoded
FFF8F540 FFF4295F FFAB2572 FFE876ED FF8D54E5 FFD2AA6D FFE38312 0029DFEF 00A3BC8F FFA1351E 0054735F FF96B0EE FFD35CAF FFC047CD 00A1AB07 FFBDF360
0075BA6F FFC95E0E 006E7E4D 0010C1E9 00267FB1 0025D84D 0027AF2E FFA357BC 007BF6DB 000D2879 FF7C5A32 00268F8F 007CB1D3 FFD5B196 FFECB019 007A7EC2
FF6F3E1C 0055D795 00394ECA 0028A7C0 002F5E77 FFB7BE77 FF5400E1 FFDE05D7 FFCDE914 00612075 001FCC5E 007CF263 FFC315E0 00343594 006480E4 FFA0F371
FFFF331B FFFFC4A0 FFF1F86A 001BD57F 0042D2D1 00B3EF79 FFE261E5 FFC1606F 006C2616 000F2478 001ED603 000E3CBB 003A0C93 FFC5E72B FFD365E2 FFACC7F6
FFFAF1D0 FFC3EC0D 0067F100 000E3ED0 FF7F14B3 00529376 0059375A FFFC714A FFBB5052 0017134A FFB17328 00229F67 004B99FF FF53CD1E FFA92606 FFD02749
0032DE72 FF945D36 0033B6DD FF444EF0 005F12A6 FFFC9D31 000F04E0 006DD7B2 0042C523 FFD9389A FFFEB2B9 001368CE FFEEE274 FFB5D33C 00085D09 FFEF547C
006C8004 0080D90F 004E9126 005ED005 FF99E799 0029BA46 FFB7DC3B FFA5097F FF8918A8 0008AD9D FFE44667 FFE1C6CF FFF5CDFD 00E48B2D FFD2EAE5 000F4670
005A0654 0032DB49 005158E9 FFEC80A0 FFB80E5D 0056F232 004174D0 004C9E59 FF6458AA FFD2078C 00073639 FF8F0A7B 002035DB 0090C581 FF850177 FFF2885A
FFE252E9 001862FD 002F6B9B 0092E021 FFE390C4 FFECFD15 FFF9FF88 FFB1A49D FF48022A 003DCBBB FF8F629D 00275E39 00330D05 000CCBBF FFE1348B 00727B94
008037B8 FFE75AA2 004B98E8 FF5BEF4B 000E0031 0014918C FFEA30FE 000F61C5 00004207 FF94D774 FFD8146C 0007E544 FFF643CF 0061253D 000D8AF2 004B6FBA
FFC7555C 0093F20E 00AD3749 FFA97A1F 0044844D 00478F8C FFE07800 009A6DF8 FF5BD2F3 FF999C57 FFD3D340 FFB34B1B FFF99BF6 00DFD8CD FFF922ED FFA3601E
FFA4301C FFC4963F 0031F4B1 0010905F 000B979D 000276B9 0064A9D7 00364C00 0000103A 003F9A1E 005558E6 FFCC4D66 0084B7A6 FF9553B4 FF9ABEE0 FFC411F4
FF8799C5 008AD9BC 0069FC32 000E09B4 00505850 00CB6ACA 007375C6 007B8603 FF13530C 00BBC656 FFF1433C 002C46FC 0002D458 003E7BC6 FF1A2428 FFC1EB36
FFA03B4E FFFCC9A3 FFF92D70 000A6761 000F3238 FFA41984 001EAB64 FFFE0EA1 00351095 004BF565 FFF445E4 006AECB4 00152B59 FFE0A080 0083EF0D 007CB469
FFE4B24D 00CA4FE9 001039DB 00746043 FFBC8F8E FFC07694 FFB9C0BC FFD32648 FF2DCDCE FFB0E511 FF72379D FFDD6D5C FFA8D6D0 00DF1C0C FFFA619E 000AFF24
FFF32519 002E0085 FF489D69 00284B23 FFCED018 006CCD2C 004BA986 000D654A 0036C759 FFC5AA85 FFF8A670 FF9AEDCE FFB15FD6 FFD33AA6 FFC1E7BD FFFCCC62

#FULL_A_16x16_original_real_before_fxp_quantization
1.09582419422 -0.244486240992 1.43439167965 0.789472116237 -1.62329060845 1.90248940655 1.04455880796 1.14425722111 -1.4875454693 -0.198456248418 -0.51680790307 1.70705995539 0.575460480323 1.29104645308 -0.226343204691 -1.09104511286
0.218339148063 -1.74473097558 1.31052468797 0.526657596488 1.03235096034 -0.581896127481 1.88279209758 1.57248448529 1.1135339883 -1.22144516859 -0.133115985092 -1.82478493685 -1.38284203173 0.73219581297 0.979048623631 1.87003892974
-0.696698567447 -0.518161175861 -0.121776754897 -1.24211456366 -1.48031397866 -0.0971802950963 -1.0923626038 0.67925597873 -0.251392324511 1.33071278423 0.801060408009 -0.750533434472 1.32903920558 1.21905742999 -0.450086483879 -0.846687584279
0.7299820159 -1.44099006556 -1.2003671901 -1.970550921 1.14769751001 0.659403426368 0.820661514505 1.12291612409 -0.164336897847 0.274964783812 -1.44081200749 -1.54187970586 0.673611847162 -0.115615175427 0.260944425925 1.05999542966
0.538873280002 0.214317602632 0.236828642982 -0.78419960775 -1.87672866173 -0.253130443071 -1.14166130872 -0.365885425101 1.41361229307 -1.06424205654 -1.76678903324 -0.874464431912 -0.825624968933 0.647666058908 0.228128609365 1.13559283643
0.65725416131 -0.37445255424 1.25608153866 -1.33210832037 -1.90915170746 -1.6398085569 0.889437402386 -0.152491078994 -1.35491288387 0.00417910041345 -1.39075158915 0.785281500311 -0.215374897704 -0.475915095614 -0.793951643408 0.521130372476
-0.552749557786 -1.64940032274 -1.52797639152 1.8475906582 1.63432276283 0.798828535243 -0.936520154162 1.87670550939 1.11500361586 0.867560756636 -0.202553991425 -0.911033752619 -1.61443615139 1.61040958618 -0.176894840666 -1.19054654082
-0.776173503397 0.316878275768 -1.29290886824 1.42645713637 1.03407811934 0.877851823804 -0.2716278409 0.50923536281 0.336391875651 0.599386406219 -1.66222271544 -0.336770391318 -1.83354330455 -0.0240367230219 -0.680555150669 -1.42190324454
-1.58638812911 0.350578288711 -1.31762812585 1.70048047351 0.324244558802 -0.612520781861 0.363661965926 -1.90878451588 1.83423685297 -0.0707862522284 1.130940909 -1.66908000031 -0.0533666766474 -0.0371720225819 1.7513058199 0.286912209504
-0.106042395772 -0.932097347632 -0.67372401063 0.0826896098862 -0.24435415878 -1.91355168048 1.30516769678 1.58464308736 -1.43900364401 0.216144574156 -1.56569703546 0.688960372159 -0.875064864644 0.637690538768 0.907978457148 1.07458996767
-1.56903621618 1.66404738055 -1.07914403642 -1.8503497753 0.219409877566 -0.51631086455 1.31915897253 1.23300588826 -0.731444428709 1.81159758028 -0.83632864744 0.0602285169269 -0.97613963773 1.7441742802 -1.34156872967 -1.82035752243
-0.259611759988 1.96950225622 1.56670906502 0.994432077828 1.56316996351 1.57378655879 0.0754334415458 -0.736283792677 1.08804972844 0.646645052671 -0.505369084505 -1.62213332775 0.987158445396 -0.950157936309 1.74725260214 -1.03611769998
-1.50896827035 1.3244506885 -1.3868627335 -1.28292676737 0.397531166083 1.49824816335 -1.21426133714 -0.7587053084 1.10961935296 1.88730570424 0.00296474480937 -1.42440998979 -1.94425484917 -1.08137588 -1.47271112885 0.710634694451
-1.51266998149 0.0253197264825 0.777049742572 0.324466436884 -1.20089739336 1.21649810473 0.861628518463 0.955936015662 -1.47576899377 -1.5049847854 1.71025020403 -0.4096872247 -0.796205232876 -0.0456638185939 0.651456851054 1.82249302819
-0.854215092472 1.69923371725 -1.90056203445 0.220792169307 0.535900446724 -1.576410385 -1.43864161174 -0.323542722735 1.86492764857 0.384170212937 1.7320928864 1.21744366245 -0.130473593779 1.13905379701 -1.92865286409 -1.56342401294
1.31771445953 1.1872683533 -1.06943703213 0.123078362396 0.4240632828 1.4709558151 0.412428629355 -0.349713722905 -0.503263826371 -0.296471654506 0.60772410232 1.46996252701 -0.184412471695 -1.00864174819 -1.05335054801 0.984057120974
#FULL_B_16x16_original_real_before_fxp_quantization
1.2662750537 -1.57888768058 -1.73376457218 0.377734655026 -1.41530702323 1.29865676183 -0.758661304304 -1.42451226812 1.68388188995 -1.33787310906 -0.861119670648 -1.38554641923 -1.53803974534 -1.91540793465 -1.77841836334 -1.30143411626
-1.78647226949 0.364575264444 0.722858107198 -0.425478172672 -0.728035612192 0.0181049480889 1.50001976894 1.40452650729 -1.82609975195 -1.27400636161 -1.05302051558 -1.00244969667 0.284930606971 -0.334950297187 -1.80298352029 -0.505543446162
0.0950117948705 -1.59331238839 1.33383421515 -1.79215253414 1.69936747607 -1.60354743368 1.37429980639 1.61061257571 1.91828272235 1.20810352109 1.11791016309 0.569933103982 1.11598541831 -1.46179116635 0.144272143791 0.0568914807617
1.43028857649 -0.148802537626 -0.459642015599 0.558253084948 -0.934146729997 -1.44092635618 -0.088490903905 -0.33244252562 -1.06972023788 -0.529952759539 -0.534430200695 -0.69001774235 -0.482143681092 0.742973381824 -0.812494101715 1.79543170686
1.66539207815 -0.0763582867997 -0.686555179981 0.14173915932 1.39424195509 0.61034936224 1.21756731179 0.130889104263 0.53167051707 -0.84737754327 0.939572649241 -1.1903816275 0.779192515274 1.4428762733 -1.47158865079 0.457518962168
-1.61961700708 0.902862513086 -1.66202712471 1.7437592908 -1.45036827985 1.83552098364 1.20353670434 0.374728017865 1.13049641852 1.18045935593 1.78410825127 -0.986466584643 0.360303581433 -1.61980320974 0.464662800096 -1.31483478363
0.25980244589 0.289722056135 -0.136059388075 0.0905271020525 1.05569356003 1.19697886605 -0.0313871376983 0.39837376609 1.72494494276 -1.521065646 -1.5315857364 -1.64916395236 0.631453140162 -0.325566796838 1.09728566457 0.684925653234
-0.665448966687 1.59346618945 1.05012858828 -0.917860236359 -0.543231928912 -0.742240079183 -1.3695534055 -1.40886650983 1.7445098535 -0.248383851205 -0.46672070889 0.91874283471 0.211972261012 1.74455994735 1.12120597564 -0.0825217435018
-0.494562106077 1.9465261797 0.871040944015 1.80477864002 -1.52608569113 1.40213471676 0.548295535965 -1.51231328666 0.353031999877 0.744385460422 -1.95078925645 -0.182728152633 1.30159804479 -0.818563898624 -0.165807672806 -0.230743491728
-0.79229043423 1.67376758206 1.12517614173 -1.55764635602 1.98813863135 1.51680009723 -0.864366248544 1.34758631864 -1.57432187251 1.9964189219 0.662738944426 0.600500062235 -1.63823709206 1.58813359559 -1.88400198718 -1.03668776784
-1.42791249933 1.10707176277 -1.20718309115 1.64255290852 0.62507615731 -1.85534915802 -1.97828066349 -1.79336833194 0.423700710591 1.20592724344 -1.04578871749 1.39763537169 -1.77107223939 1.20385541457 1.71118172069 1.08843359642
0.792483135915 1.35192087462 -1.83939480181 -1.19287155712 -1.50030528278 0.0181239607719 0.980752513315 0.520047378306 1.40452439905 -1.37914803024 0.938484367741 -1.22783403652 -0.916964994729 0.839618789125 1.92081913959 0.446174423908
-1.78199874003 0.46523587971 -1.83059779368 1.53658284547 0.838313140402 -1.30748861431 -1.6331159767 -1.26586708448 1.92010871822 -0.165757430166 1.13632379337 0.545633368431 0.289652599835 -1.41947898134 1.78409781423 -0.794629469941
0.31206886323 0.799103778356 0.596932620981 1.76237763878 -1.40624404032 0.0334109537878 -0.383862437037 -0.10332508207 -1.52312989521 -1.46362156051 -0.887697816875 -0.781181584957 -0.288387145275 0.443950188147 0.538516469673 -0.352756413658
-0.364867562285 -1.12948589321 0.353224993636 -0.731836354731 -1.85576066289 -0.326399823373 -0.103469299639 -1.09762852718 0.289831732488 0.263087601728 0.808008724441 0.591793928805 0.609732226084 -0.735143392704 1.14972888794 0.196577534399
-0.27432721928 0.504049923764 -0.557370662199 0.050956978427 0.946822753929 1.54561154689 1.68422878918 0.0145317007324 0.0811004589623 1.19948164306 -0.742197233023 1.34952944938 -0.0234334139303 -1.53657310266 -1.71176341171 1.36797284416
#FULL_C_16x16_original_real_before_fxp_quantization
0 0 0 0 0 0 0 0 0 0 0 0 0 0 0 0
0 0 0 0 0 0 0 0 0 0 0 0 0 0 0 0
0 0 0 0 0 0 0 0 0 0 0 0 0 0 0 0
0 0 0 0 0 0 0 0 0 0 0 0 0 0 0 0
0 0 0 0 0 0 0 0 0 0 0 0 0 0 0 0
0 0 0 0 0 0 0 0 0 0 0 0 0 0 0 0
0 0 0 0 0 0 0 0 0 0 0 0 0 0 0 0
0 0 0 0 0 0 0 0 0 0 0 0 0 0 0 0
0 0 0 0 0 0 0 0 0 0 0 0 0 0 0 0
0 0 0 0 0 0 0 0 0 0 0 0 0 0 0 0
0 0 0 0 0 0 0 0 0 0 0 0 0 0 0 0
0 0 0 0 0 0 0 0 0 0 0 0 0 0 0 0
0 0 0 0 0 0 0 0 0 0 0 0 0 0 0 0
0 0 0 0 0 0 0 0 0 0 0 0 0 0 0 0
0 0 0 0 0 0 0 0 0 0 0 0 0 0 0 0
0 0 0 0 0 0 0 0 0 0 0 0 0 0 0 0
#FULL_D_16x16_full_precision_real_reference decoded_real
-0.441940051203 -0.741555538168 -5.30396829018 -1.47142599857 -7.16898029257 -2.8354133832 -1.7803365309 2.61536582854 10.2347732658 -5.92604917289 5.2782019218 -6.58279930959 -2.7913603779 -3.98223308585 10.1038766127 -4.12822593775
7.35912926812 -3.41297742755 6.90451449255 1.04361612222 2.40462641522 2.3659564252 2.48115043221 -5.78705908469 7.74794585548 0.823422559498 -8.22623021448 2.40889832997 7.79346805241 -2.64471236282 -1.20649730201 7.656682552
-9.04843698913 5.36533730248 3.58112807276 2.54194941755 2.96098289281 -4.51530003077 -10.7482102227 -2.12093893228 -3.13048072072 6.06799389336 1.98806913943 7.8059905389 -3.8063196854 3.26517946298 6.28431659789 -5.9394767463
-0.0480953421371 -0.016002154024 -0.878023606563 1.73826410808 4.17380707606 11.2463327674 -1.85032607085 -3.91044935655 6.76019497498 0.945247654311 1.92856374802 0.887640293162 3.62926799148 -3.63125466823 -2.78813503331 -5.19676224553
-0.315774018635 -3.75202533796 6.49808992315 0.888978537626 -8.05627500208 5.16069639867 5.57602839706 -0.218228124106 -4.29818557074 1.44067791796 -4.90904915583 2.1630456051 4.72361506401 -10.7588749041 -5.43037293398 -2.99192071418
3.18116354194 -6.72687237473 3.23072612869 -11.7317395217 5.9436830129 -0.213837086563 0.935859169347 6.86655849923 4.17666638124 -2.423739961 -0.079266950902 1.21289851066 -1.07144948395 -4.63529646495 0.522245107183 -1.04115242664
6.77899318072 8.04867847096 4.91265901043 5.92130834636 -6.38103742259 2.61093633263 -4.50750489515 -5.68179630896 -7.43397054928 0.542416603707 -1.73021209743 -1.88876016183 -0.635970455439 14.2829453209 -2.81648813573 0.95236644898
5.62300135225 3.17740749203 5.08508666427 -1.21850133153 -4.49874618471 5.4346046939 4.09142007144 4.78746932438 -9.72840255543 -2.87503439544 0.44968973554 -7.05902018964 2.01474995192 9.04713892054 -7.68633039831 -0.843608219908
-1.85425875225 1.52438417893 2.96328270194 9.17979712045 -1.77605175517 -1.18923337691 -0.375462602437 -4.90051087671 -11.5018583756 3.8638311833 -7.03890883198 2.46294240286 3.19375046229 0.79945380094 -1.91977481496 7.15446431368
8.0163894422 -1.53968085259 4.72497911309 -10.255459992 0.873794071405 1.28872775497 -1.36523150616 0.962134886756 0.0200654128962 -6.69744959848 -2.49658532227 0.492694912585 -0.608840455055 6.06952337255 0.846293078682 4.71684675738
-3.54380581936 9.24412281753 10.8260032235 -5.40565768648 4.28124189116 4.47310985415 -1.97301268519 9.65314337252 -10.2594820783 -6.39897713432 -2.76131729923 -4.79397186425 -0.400493765579 13.9880126696 -0.430860554927 -5.78802011013
-5.73534355173 -3.71412847985 3.12363589495 1.03197936982 0.726669321851 0.153382764952 6.29299101188 3.39486579243 0.00256230897268 3.97779721835 5.33238684964 -3.23049695584 8.29495468126 -6.66612985524 -6.33036032725 -3.74330342106
-7.52624867748 8.67688941353 6.62274844667 0.878713419697 5.01894930147 12.7114494247 7.21723970102 7.72007911121 -14.7946768707 11.7348755311 -0.920121586346 2.76718179942 0.178461925944 3.90629583442 -14.3653481599 -3.88103349751
-5.9828610258 -0.202093909226 -0.427770864524 0.648907749961 0.94856062428 -5.74458107388 1.91690585537 -0.123228339985 3.31570993135 4.74449928259 -0.734605192029 6.68178262873 1.32219496529 -1.95855576557 8.24665589069 7.79434788271
-1.7094912877 12.6434243997 1.01619956379 7.27644116078 -4.21202267737 -3.96966422564 -4.39090106452 -2.80299121374 -13.1404133242 -4.94474265021 -8.86068726873 -2.15924737334 -5.44850263559 13.9418944482 -0.351788505342 0.684094303627
-0.805123972069 2.87406137327 -11.4631565856 2.51962913248 -3.07511734788 6.79830752098 4.72774697494 0.835094292278 3.42525136068 -3.64700070304 -0.458307505157 -6.31727621034 -4.91595002752 -2.79884875006 -3.88072453236 -0.201459093689
#FULL_D_16x16_full_precision_real_reference_rounded_fxp32 encoded
FFF8EDD0 FFF42297 FFAB22F2 FFE8750A FF8D4BDB FFD2A226 FFE383BE 0029D88A 00A3C1A2 FFA12EE7 00547384 FF96ACDB FFD35697 FFC048C6 00A1A97B FFBDF2C9
0075BEFE FFC96472 006E78E4 0010B2A7 0026795A 0025DAF5 0027B2CB FFA36835 007BF796 000D2CBD FF7C615C 00268AD9 007CB20C FFD5AF42 FFECB230 007A81C6
FF6F399A 0055D86C 00394C4D 0028ABD3 002F6030 FFB7C155 FF540755 FFDE10A2 FFCDE98D 00611681 001FCF22 007CE556 FFC31951 00343E2D 00648C90 FFA0F7E7
FFFF3B00 FFFFBE75 FFF1F39E 001BCFEE 0042C7EA 00B3F0FB FFE26510 FFC16ECD 006C29C2 000F1FBC 001EDB66 000E33C6 003A117B FFC5E662 FFD363CD FFACDA10
FFFAF297 FFC3F7B4 0067F82D 000E3942 FF7F197F 00529236 0059376A FFFC8223 FFBB3AA2 00170D04 FFB17489 00229BD6 004B93ED FF53DBA6 FFA91D31 FFD02118
0032E60C FF945EBB 0033B10E FF444ACB 005F1953 FFFC9420 000EF947 006DDD6C 0042D3A0 FFD9385C FFFEBB53 00136808 FFEEDB58 FFB5D5D3 00085B1E FFEF5771
006C76C2 0080C763 004E9A40 005EBDAE FF99E745 0029C665 FFB7E143 FFA5175D FF890E75 0008ADBD FFE4510D FFE1C7A3 FFF5D311 00E486F2 FFD2EFAA 000F3CE5
0059F7D0 0032D6A9 00515C84 FFEC8105 FFB80523 0056F424 00417675 004C9979 FF645877 FFD1FFDC 000731EE FF8F0E41 00203C6A 0090C115 FF8504CA FFF28095
FFE254F5 001863E1 002F699B 0092E073 FFE3954B FFECF8E6 FFF9FE1B FFB19782 FF47F863 003DD241 FF8F60A1 00276836 0033199A 000CCA90 FFE1489A 007278B0
00804322 FFE75D78 004B9984 FF5BE9A3 000DFB0F 00149EA1 FFEA2803 000F64E8 00005230 FF94D73F FFD80DFD 0007E214 FFF64231 00611CC5 000D8A6B 004B7834
FFC74C92 0093E7ED 00AD374F FFA9826D 00447FF7 004791DC FFE06E8A 009A7346 FF5BD929 FF999DCA FFD3D1A5 FFB34BE4 FFF99794 00DFCEE6 FFF91B32 FFA36445
FFA43C08 FFC492EE 0031FA6A 001082FD 000BA070 00027441 0064B017 0036515F 00000A7F 003FA50F 00555175 FFCC4FE2 0084B822 FF955788 FF9AB6D8 FFC41B6E
FF87947C 008AD48A 0069F6C7 000E0F36 00504D9E 00CB6219 007379D0 007B8572 FF134901 00BBC20D FFF1472F 002C4660 0002DAFB 003E8030 FF1A2789 FFC1E749
FFA04634 FFFCC439 FFF927DA 000A61ED 000F2D4E FFA41632 001EABA5 FFFE0742 00350D26 004BE978 FFF43F0F 006AE895 001527B6 FFE0A9C1 0083F24D 007CB5A6
FFE4A5EC 00CA4B77 0010425A 00746C4E FFBC9B8E FFC07C41 FFB9BEDF FFD326F3 FF2DC0DE FFB0E256 FF723AA0 FFDD73B9 FFA8D2EF 00DF1200 FFFA5F13 000AF20D
FFF31E36 002DFC28 FF4896E9 00285067 FFCECC52 006CC5DE 004BA4DA 000D5C8C 0036CDD4 FFC5A5E3 FFF8AAC6 FF9AEC70 FFB15845 FFD337EA FFC1E88D FFFCC6D3
