0.2788535969 -0.9499784896 -0.4499413633 -0.5535785237 0.4729424283 0.3533989748 0.7843591354 -0.8261223347 -0.1561563606
-0.9404055611 -0.5627240504 0.0107105762 -0.9469280606 -0.6023246986 0.2997688756 0.0898829612 -0.5591187559 0.1785313678
0.6188609134 -0.9870024806 0.6116385037 0.3962787900 -0.3194989670 -0.6890410004 0.9144261444 -0.3268109098 -0.8145083132
-0.8065672463 0.6949887327 0.2074520627 0.6142565465 0.4594635734 0.0724561829 0.9462315280 -0.2429312456 0.1040812625
0.6588093285 0.2370395047 0.7234138006 0.1547042905 0.4091436724 -0.9083512327 -0.5442034487 -0.4212240728 -0.8404160462
-0.5344182273 -0.7979971412 -0.4440527938 0.2713688885 -0.2703356421 -0.2596380658 -0.5809859385 -0.4660443559 0.8733091754
0.2960707705 0.2182620113 -0.6577227036 0.4582535959 -0.6731950125 -0.2410891165 0.9790467013 0.2799995197 0.1138994875
0.3692285020 0.6857038404 0.5519998231 -0.5419038561 -0.9357995122 -0.3690939039 -0.4645182480 -0.5780343128 0.8858194287
0.7527352529 -0.3706442384 0.3108773306 -0.2087361979 0.8290951795 -0.0822962948 -0.4702396670 -0.5067449846 0.1227362683
-0.4745167830 0.1691719804 0.7956457672 -0.2011989897 -0.5613584817 0.9950752130 0.0190525874 -0.8181811757 -0.9057672492
-0.7807017393 0.2548920834 0.5841587287 -0.1556800664 -0.8729445877 -0.2367614270 0.9922427605 0.0582286902 0.9421567552
0.7215594045 -0.9770379561 0.4414436387 0.3634207381 0.0739406608 -0.4663496201 0.2819235972 -0.7768956528 -0.1304694987
-0.0925525873 0.9076318550 0.7517058808 -0.4732218985 0.0011722261 -0.6426962389 0.8252556787 0.7410371397 -0.4031104171
0.2778989897 0.2179404229 -0.6943214629 0.5250216002 0.0787580602 0.5572529573 0.0607073444 -0.9988562077 -0.3516878860
-0.9610465152 0.8581972325 0.7574437556 0.6633310587 -0.3849717492 -0.8841496670 0.7560191984 0.8938988906 -0.8286930959
-0.0280190734 -0.8615749631 0.5212043305 0.5316688586 -0.7432170710 -0.0494352438 0.0996071870 -0.4698867421 0.7448660822
-0.1537241196 -0.5764035891 0.0785921776 0.4598621382 -0.5976978732 -0.3765674174 0.9902987133 0.2997561153 -0.1237998322
0.0351516821 -0.7579916083 -0.5506053259 -0.3238288757 0.1766174369 -0.5397705348 -0.5595652311 -0.8580138280 0.2622059145
-0.5421164324 0.8108400260 0.7192708005 -0.8582853002 -0.5239907313 0.3379555566 -0.5715263853 -0.7353763025 0.8710284812
0.1420861867 -0.0546579474 0.5692388486 0.6149939955 -0.6191801713 -0.8061383715 -0.1378976352 -0.1528427540 -0.0659506639
0.4581516989 0.3467290946 0.9683304227 -0.8031642577 -0.1947574358 -0.3213947892 0.7233450727 -0.5026873322 -0.6195821831
-0.1027729043 -0.1562367203 -0.4429097107 -0.5003871042 0.8465311986 -0.1137385099 0.7226982095 0.1006506249 -0.8988233410
0.9985649368 0.6720551702 0.9379925146 0.8527339660 0.6973914688 -0.6673777788 -0.0287177491 -0.5725054016 -0.1979194149
-0.8827292001 -0.2420537620 0.9706176876 -0.4695938837 0.5681412039 -0.0899832653 -0.1539850280 0.9146352817 0.9908453790
0.1115366468 0.4368165506 -0.6904063495 -0.4065843490 0.9374187299 0.1583605816 0.0843904027 0.4959511208 -0.8856694542
0.1683551889 0.0057007658 0.7054397841 -0.6851345441 0.9215578065 -0.8397770695 -0.6283500780 0.1900702129 0.3504251072
-0.5295922100 -0.7602267721 0.7805746283 -0.5075693044 0.1890383071 0.2387630207 -0.1615501693 0.1673445786 0.0455654311
0.8694125155 -0.5914816012 0.4323836016 -0.5226280948 -0.2084283064 0.3433804459 -0.4000058404 -0.3676456075 0.5037289848
-0.8549137710 -0.0834289548 0.9969088817 0.9921928957 -0.8534785578 -0.5736913755 -0.4695991705 0.8665187560 0.7617283474
0.7585404850 -0.2609458225 -0.6845063353 0.6674899093 0.4070798502 0.2233555315 0.9744661273 0.3079526354 -0.9843537857
0.6342082702 -0.4012424956 0.3267774299 0.8778600079 -0.7314177712 -0.7691426592 -0.7859280446 0.1064472818 -0.4553035754
0.2096596541 0.4352243743 -0.5928053753 0.2684759178 -0.4720321967 -0.0229362957 0.8106729822 0.6922074266 -0.8154030646
-0.1528484549 -0.4466395521 -0.9929086218 0.5422384460 0.2742267546 -0.4760894751 0.4824618167 0.1033608423 -0.1446261620
-0.9806606008 -0.8495122799 0.7662127866 0.8078571431 0.0911805784 0.6691900398 0.1650191330 -0.7038124289 -0.7451089614
-0.3834833001 0.7979629775 0.5922446098 0.7214051640 0.7978492731 -0.5798469233 -0.5009405216 -0.7944127567 0.5602324837
0.7682694029 -0.1872452203 0.2413230203 -0.6908933233 0.8597620314 0.7292113924 0.9524120659 0.6215434399 0.7628324093
-0.9504272762 0.4731289435 -0.3356290641 0.8616317721 0.6044702779 0.7281280568 0.6214986331 -0.4663885808 0.5747490183
-0.7838087472 0.7443335658 0.7171865027 -0.5551325649 0.6331732112 -0.0793935306 -0.3896182653 0.5906909983 -0.5448090252
-0.9526711306 -0.6137404233 -0.3434760976 0.7287058841 0.9337782081 -0.4417500146 0.2829634772 -0.2006432313 0.9622993744
0.0724314650 0.8784742806 -0.7693164963 0.9408012220 -0.6428643677 0.9250686315 -0.4690672750 -0.7831949056 -0.1308724829
0.4570901213 -0.3726453716 0.2124177066 0.0228461193 -0.2296091333 0.1531760870 -0.4905549877 0.4175705677 -0.9966174436
0.8511503310 0.0769039942 0.4388599983 0.4839001557 0.3412570089 -0.2715570564 -0.8600523777 0.3284753698 -0.3395999279
-0.3721687099 0.6960305590 0.4395085260 -0.3993554636 -0.3814306756 -0.1832141828 -0.1951992259 -0.4086895949 -0.7454244019
-0.1591073325 0.8807273415 0.3546358905 0.8056110915 0.2310298319 -0.3981002509 0.0958744263 -0.9991881206 -0.4261725663
-0.1402237000 0.1599695624 0.3094112474 -0.0700236195 -0.1156804014 -0.5725971980 -0.0536276282 0.8023616517 0.5920495203
-0.6606172076 -0.8304089265 0.0309040198 0.2658817115 -0.3296234892 0.6368469291 0.5022762751 0.3455913411 -0.5507186680
-0.6017401345 -0.9511492245 -0.5103149118 -0.0497273116 0.6994753892 -0.8543435416 -0.1711179780 0.2595307615 -0.6111295265
0.3927085010 -0.0112456620 -0.5120311208 0.3121160222 -0.9889103637 0.5019289532 0.5400923771 -0.7868254069 -0.1497076121
-0.6482266366 0.9159320846 0.0359155009 -0.8995632297 -0.5016034407 0.6966726947 -0.0870763491 0.6028332034 0.3351554652
0.9757849061 0.1909046369 0.9000792169 0.7828518516 0.2253046455 0.4385479226 0.0095563296 0.6611383394 0.0957439012
0.7944162065 0.4873108843 -0.0506511264 -0.4816169031 -0.5055205250 0.2753228736 0.5316273686 0.0425996257 0.2534968740
-0.4508051062 -0.8450332923 -0.4285436983 -0.4565697858 -0.3605808632 0.0803044450 -0.7232518770 -0.5374770405 0.3878996246
0.4128382834 -0.8715422986 -0.1848012607 0.0852222810 -0.1684515318 -0.5863312210 -0.1597129645 0.8096769567 0.1681588284
0.3910459730 0.7134640646 0.5311891522 -0.2392379421 -0.9882078328 -0.2964823947 0.5069502501 0.7068959011 0.9068606769
-0.1619574347 0.4950313380 0.0922646195 0.2065051779 -0.5589226114 -0.5611567308 -0.1283280479 -0.9419503601 -0.3277409126
0.3582837701 -0.1913666617 -0.6699105376 -0.0652197015 -0.7447444054 0.2445139219 -0.9460670962 -0.2119594873 0.1287839660
-0.9457959073 0.2854992960 -0.7286010255 -0.0766031119 -0.8994307330 -0.2417922716 -0.5766794316 -0.3463083902 0.5224594158
-0.2417475689 0.5040196471 0.6638485703 -0.4954569364 -0.8361875345 -0.9612334259 0.0788380958 0.9998156570 -0.3000793126
0.3002881865 0.5624660992 0.3035093105 0.5084664081 0.8992234654 -0.6012786353 -0.9592399654 -0.6952353084 -0.7475580503
0.3389176892 0.1279391639 -0.5640709182 0.3989299425 0.5337961967 -0.6644217133 0.2144949878 0.4958513039 -0.7709342572
0.6386023486 0.9294415461 -0.7838025007 -0.9486431490 -0.3760855112 0.3546945737 0.9163456764 -0.2066911170 0.4300294101
-0.8480070443 0.3812288319 0.2544847912 -0.7961973891 0.5449617699 0.7005864782 0.2008232296 -0.7578898699 0.9676887030
0.5652706927 -0.3055924694 -0.1432439735 -0.2588582476 0.0119215794 -0.3175376503 0.6991512540 0.6446618362 -0.7889222587
0.9215751344 0.2711702122 0.6574146220 0.4146172874 -0.1290257100 0.4675906080 0.9309474625 -0.4598352072 0.6163984376
0.0763458129 -0.0330049922 -0.1288510140 0.4620524286 -0.4632089239 0.7034263200 0.6614620378 -0.8266742039 0.7632623680
-0.5122731216 -0.0705830668 0.2206634085 -0.2420213917 -0.9426000045 0.7019056726 -0.6363202857 -0.5757602996 0.5956647137
-0.3193223137 0.7606399595 0.4023675007 -0.4474628485 -0.9796977711 0.8961251556 -0.8287740761 0.4401493282 -0.0228443063
0.5163293070 0.3812186789 0.2918057995 -0.0183573298 0.5858657363 -0.8138932989 -0.5568071991 0.3835743106 -0.3875879397
0.1631111707 -0.0534790225 0.0618438623 -0.1489923746 0.4918708734 -0.3384174056 0.4057098844 -0.4581671460 -0.4971926476
-0.7586882305 -0.6148314131 -0.7608905175 0.0717279308 0.5243792190 -0.6297003151 -0.5672307202 -0.0316028256 0.4491700022
0.9532140458 0.0492737382 -0.4340025935 -0.7989477838 -0.6117648438 -0.5450336730 -0.6411169126 -0.9717032655 0.0682701785
-0.4513773464 0.9485898622 0.1067179336 0.3948347858 -0.7474410141 0.7369223945 -0.0182426110 0.7454394700 0.1481284393
-0.0612061101 -0.1190624037 -0.6312726592 -0.8972465656 0.8821271935 -0.0445416255 0.6442312906 -0.1985851155 -0.8518356595
0.2588914139 -0.8927818514 -0.7016048311 0.1256791942 -0.3923289763 0.9878362454 -0.7630968756 0.5288868907 0.2126353025
0.5814816597 -0.5486257259 0.0451450703 -0.0989710702 -0.1145579920 0.7203333317 0.9800625209 -0.3892395114 0.2420546421
0.2192618245 0.4801786110 0.8951804007 -0.5844241884 -0.5779496094 0.3208562744 -0.6858858132 -0.6523729033 -0.8498702622
-0.9946485548 -0.0989925908 0.1876223902 -0.4174814219 -0.5370475309 0.4139116598 0.4059751162 -0.0919373472 0.3747698401
0.8478220890 0.5756560533 0.2501160143 0.3223660857 0.8673369169 -0.1497220678 0.0891247574 0.2952694468 0.8168228904
0.6532623193 -0.8571803263 -0.6681544216 -0.3847763748 0.4979154441 0.1384140986 -0.4227788234 -0.7512926837 0.3773559824
0.3994673700 0.8853524815 0.0009443542 -0.0124095613 -0.8391162962 -0.9202784316 -0.1359426717 -0.3553568333 -0.4992641952
-0.8173462267 0.9238222044 0.6719172278 0.1503982184 0.9015725556 0.9991448338 0.3445631686 -0.4609779481 -0.9195366537
0.5125376608 -0.0589983535 0.3030189789 0.8321455759 -0.6370217056 0.1706592506 0.2695694389 -0.0165483956 -0.8175151874
-0.3040778874 -0.3333832127 0.3402670190 0.7154661888 -0.3403926728 0.3873473480 -0.4235644093 0.8903870791 0.6271320695
0.1001932179 -0.0903481828 -0.3709656857 -0.3534524274 0.9403694536 -0.1916498860 0.0291925047 0.9762384296 0.3153207730
0.0851871887 -0.1735048584 -0.6248349172 -0.2764412817 0.5128863081 0.2508174843 0.5199810721 -0.5928835233 0.0984392782
0.8553455217 -0.1237678099 0.3965000582 -0.7571478333 0.9462936316 0.2177433342 -0.5214050753 -0.6832436724 0.1016780140
0.1045028181 -0.8135815974 0.9845142788 0.8258597570 -0.0771042116 -0.7650677018 0.6642863475 -0.0032489906 0.4332066520
0.0177440301 -0.4531502066 0.6694478912 0.9604892652 -0.5125381878 0.1025301538 -0.2328279735 0.8437362999 0.0164817832
0.7586525103 0.7280538689 -0.4475051944 0.5800123640 -0.1701151529 0.8684967874 0.0154753516 0.6410989464 -0.4343220334
-0.4028883005 0.1738754448 0.9978046665 -0.0207193067 -0.7028091632 0.0771611554 -0.3097521166 0.1038348341 0.0868601259
-0.0893107663 -0.3564452995 -0.6226952526 0.3949968552 0.1435952840 -0.5328751079 0.5510889502 -0.9127054018 0.4894103031
0.4104557621 0.6228178051 -0.2278424950 0.3273776590 0.6414951034 0.9616362773 -0.0093427008 -0.9259607773 0.0045823003
0.1803608586 0.7394006267 0.7483807481 -0.1193875805 0.0519021736 -0.0861438511 0.4448876551 -0.1800427605 0.3095626529
-0.6912775625 -0.0610187980 0.9384072611 -0.3228775319 0.3854091972 0.2996733052 0.7035305847 0.7046826731 0.7186843683
-0.2399812050 -0.3666776921 0.4374348504 0.5188036187 0.7447660348 -0.9282018003 -0.8631585056 0.2623220337 0.8418581976
0.9948518459 0.4935327335 -0.1320570562 -0.8031137472 0.2674956576 0.7451584652 -0.1126428967 0.3880023256 0.8068481241
-0.9080180626 0.5922869303 -0.4132644481 -0.2503178204 -0.7088604086 0.0623326363 0.1318561238 0.5850389478 -0.6600327019
-0.8420632987 0.7416791973 0.2394207371 -0.5183404163 0.8256580320 -0.7137645597 -0.0777001733 -0.4920453212 -0.4893465837
-0.9812051371 0.6092661540 0.8024188472 0.3552217714 -0.6840487559 -0.1165404328 -0.3088687511 0.1751434103 0.2778774047
-0.1513821231 -0.4998035512 0.6906078503 -0.6015660018 -0.2306135021 -0.0335838779 -0.5255885961 0.1438453847 0.1496238604
