#Single 16x16 GEMM-ACC experiment decomposed into 4 HMMA step0/step1 sets (FP8-E4M3)

#FULL_A_16x16
0.6875 0.9375 1 1.5 -0.625 0.625 -0.875 0.375 1 1.125 -0.3125 0.0351562 -0.6875 -1.375 -0.9375 1.625
-0.75 1.875 -1 0.875 0.28125 0.8125 0.5625 0.8125 1.625 0.25 -1.75 -0.9375 0.8125 -0.0234375 0.1875 0.375
-0.46875 1.125 0.875 0.875 0.875 1.5 0.375 1.875 -1.5 0.5 0.875 -0.09375 -0.875 0.203125 -0.5625 1.625
-0.5625 -1.25 0.3125 -0.40625 -1.625 0.25 0.15625 -1.25 0.375 0.28125 1.125 -0.5625 -1 1.75 0.25 -1.875
1.25 -1.25 1.125 0.8125 1.875 1.875 -0.875 1.125 -0.75 0.5 0.40625 -1.75 -2 -1.75 -1.5 -1
1.625 0.078125 1.25 1.375 0.9375 -0.4375 1.5 0.9375 1 1.625 0.40625 0.117188 1.5 -0.1875 1.25 -1.75
-2 0.109375 -1.75 1.875 -2 0.875 -1 1.875 -0.46875 -1.875 -1.875 0.21875 2 1.875 -0.625 -0.0703125
-1.625 0.0859375 0.40625 -1 0.4375 1.625 -2 -1.125 -1.125 -1.5 -1.375 0.5 -1.625 0.9375 1.5 1.75
0.625 -1.25 -1.625 -1.125 1.875 1.875 -0.46875 -0.6875 0.0390625 -0.8125 1.875 -1.125 -0.5 -0.28125 -1.5 -0.46875
1.375 -1.5 0.34375 -0.375 -1.375 -2 -0.9375 -1.75 -0.5 1.25 0.875 1.75 -0.28125 0.8125 0.6875 -1.125
-0.8125 0.117188 1.125 -0.15625 -1.125 2 -1.5 1.875 1.25 1.375 1.125 -1.125 0.5 1 1 -0.9375
-1.25 -0.6875 -0.078125 0.28125 1.375 1.125 0.6875 -0.9375 -0.0859375 -0.6875 -1 -2 -0.625 -1 0.28125 -1.75
-0.9375 -1.875 0.5625 0.28125 -0.625 -1.375 1.875 0.34375 0.6875 0.125 1.25 1.625 -0.46875 0.75 -1.125 0.625
-0.40625 -2 1.875 1.5 -0.8125 2 -0.75 -0.171875 1.375 -0.8125 -0.203125 0.6875 -1.5 -0.3125 -0.75 0.6875
-1.5 -1.125 0.875 -1.375 -0.3125 0.875 1 -1.625 1.375 0.875 -0.625 1 0.9375 0.40625 0.234375 0.9375
2 0.3125 1.25 1 1.375 1.875 -1.25 -1.375 0.34375 -0.203125 0.28125 1.25 1.75 -0.34375 0.875 -1.25
#FULL_A_16x16 encoded
33 37 38 3C B2 32 B6 2C 38 39 AA 11 B3 BB B7 3D
B4 3F B8 36 29 35 31 35 3D 28 BE B7 35 8C 24 2C
AF 39 36 36 36 3C 2C 3F BC 30 36 9C B6 25 B1 3D
B1 BA 2A AD BD 28 22 BA 2C 29 39 B1 B8 3E 28 BF
3A BA 39 35 3F 3F B6 39 B4 30 2D BE C0 BE BC B8
3D 1A 3A 3B 37 AE 3C 37 38 3D 2D 1F 3C A4 3A BE
C0 1E BE 3F C0 36 B8 3F AF BF BF 26 40 3F B2 99
BD 1B 2D B8 2E 3D C0 B9 B9 BC BB 30 BD 37 3C 3E
32 BA BD B9 3F 3F AF B3 12 B5 3F B9 B0 A9 BC AF
3B BC 2B AC BB C0 B7 BE B0 3A 36 3E A9 35 33 B9
B5 1F 39 A2 B9 40 BC 3F 3A 3B 39 B9 30 38 38 B7
BA B3 9A 29 3B 39 33 B7 9B B3 B8 C0 B2 B8 29 BE
B7 BF 31 29 B2 BB 3F 2B 33 20 3A 3D AF 34 B9 32
AD C0 3F 3C B5 40 B4 A3 3B B5 A5 33 BC AA B4 33
BC B9 36 BB AA 36 38 BD 3B 36 B2 38 37 2D 27 37
40 2A 3A 38 3B 3F BA BB 2B A5 29 3A 3E AB 36 BA
#FULL_B_16x16
0.140625 -1.875 0.015625 0.1875 0.9375 0.625 -0.5625 -2 -1.5 1.875 1.75 -0.6875 -0.9375 -0.25 0.75 -0.5625
-1.75 -0.375 -0.9375 -0.6875 -1.375 0.625 0.109375 -0.9375 0.21875 -0.0292969 1.125 1.875 -1.5 1.5 0.8125 0.75
-0.5 -0.625 -2 1.875 0.4375 -0.40625 0.171875 -1.875 -1.25 0.5 0.0585938 1.125 0.625 0.40625 1.25 -1.75
0.75 0.875 -0.875 -1.25 -1.125 -1.25 0.09375 -1.5 0.625 -1.625 -1.875 -0.75 -1.25 2 -0.8125 -1.125
-1.25 -0.5 0.4375 1.125 -0.5625 0.5 -0.0703125 1.375 0.28125 -0.8125 0.8125 1.25 -0.140625 2 1.5 -1.25
1.125 0.40625 0.140625 0.0546875 1.375 0.4375 0.15625 -1.75 -0.203125 1.625 0.875 -1.75 1.5 1.25 0.1875 -1.875
0.25 -1.75 -0.6875 0.5 1.625 -0.5625 1.5 1.625 -1.875 -1 0.8125 1 -0.4375 0.625 0.4375 0.9375
0.875 -1.625 -1.375 -1.5 1.75 1.625 1.25 -1.5 0.3125 -1.25 -0.5 -0.9375 1.375 -1.375 0.5625 1.875
0.75 -1.625 1.625 0.5625 -0.171875 0.625 1.5 -0.09375 0.125 -0.1875 -1.75 1.125 -1.5 -0.40625 -0.4375 -0.875
-0.375 0.46875 -0.75 -1.25 1.5 1.875 -0.171875 -0.6875 -1.75 -1.875 -0.4375 1.75 0.9375 -0.625 1.875 -0.28125
-0.875 -0.28125 -1.125 1.5 -0.5625 0.625 -0.4375 1.625 0.5625 -0.046875 -1.5 1.625 0.1875 -0.875 1.5 -1.75
-0.75 0.140625 -0.625 -0.09375 -0.9375 -1.5 -1.875 -1.375 1.75 0.3125 -0.0429688 -0.46875 0.8125 -1.375 -0.875 0.625
-0.0859375 1.125 1.625 1.25 -1.25 -1.625 -1.375 1.125 1.625 1.75 -0.8125 1.375 0.140625 1.25 0.1875 -1.375
-1.625 1.875 -0.28125 -0.625 -0.5625 -0.46875 1.75 -1.75 -1.5 1.125 0.203125 -1.5 -1.875 -1.125 -0.9375 -2
-1.125 0.9375 1.375 1.625 -0.4375 -0.75 2 1.125 0.15625 -1 -0.6875 0.0625 0.171875 -2 1.875 0.3125
0.34375 -1.125 1 0.9375 -1.625 0.375 0.625 1.375 -1.125 1.5 -0.15625 -1.625 -1.625 -1.25 -0.875 -0.0136719
#FULL_B_16x16 encoded
21 BF 08 24 37 32 B1 C0 BC 3F 3E B3 B7 A8 34 B1
BE AC B7 B3 BB 32 1E B7 26 8F 39 3F BC 3C 35 34
B0 B2 C0 3F 2E AD 23 BF BA 30 17 39 32 2D 3A BE
34 36 B6 BA B9 BA 1C BC 32 BD BF B4 BA 40 B5 B9
BA B0 2E 39 B1 30 99 3B 29 B5 35 3A A1 40 3C BA
39 2D 21 16 3B 2E 22 BE A5 3D 36 BE 3C 3A 24 BF
28 BE B3 30 3D B1 3C 3D BF B8 35 38 AE 32 2E 37
36 BD BB BC 3E 3D 3A BC 2A BA B0 B7 3B BB 31 3F
34 BD 3D 31 A3 32 3C 9C 20 A4 BE 39 BC AD AE B6
AC 2F B4 BA 3C 3F A3 B3 BE BF AE 3E 37 B2 3F A9
B6 A9 B9 3C B1 32 AE 3D 31 94 BC 3D 24 B6 3C BE
B4 21 B2 9C B7 BC BF BB 3E 2A 93 AF 35 BB B6 32
9B 39 3D 3A BA BD BB 39 3D 3E B5 3B 21 3A 24 BB
BD 3F A9 B2 B1 AF 3E BE BC 39 25 BC BF B9 B7 C0
B9 37 3B 3D AE B4 40 39 22 B8 B3 18 23 C0 3F 2A
2B B9 38 37 BD 2C 32 3B B9 3C A2 BD BD BA B6 87
#FULL_C_16x16
1 -1.25 2 -1.375 0.40625 1.75 1.375 0.5625 0.875 -1.5 -2 -0.25 -1.625 -0.5625 -1.125 1.625
1.5 1.25 0.875 -1.375 -1.75 0.625 0.5625 -0.5 -0.109375 -0.0429688 -1 -0.75 -0.3125 0.40625 1.875 0.15625
0.9375 1.25 -1.5 0.625 -0.0703125 0.28125 -1.875 1.625 1.75 -2 -1.125 -1.25 1.125 0.40625 -1.25 1.25
-0.5625 -0.15625 -0.4375 0.0859375 -0.078125 -0.875 -0.3125 1.625 0.0117188 1.625 0.203125 1.125 -0.8125 1.125 -0.9375 -1.875
-1.375 -1.875 1.75 2 1 -1.625 1.625 1 -0.6875 0.00976562 0.625 -1.875 0.00585938 0.9375 -1.25 -0.21875
0.125 0.9375 1.875 1.375 0.5 0.34375 0.40625 0.1875 -1.75 0.8125 0.875 0.0507812 1.5 0.6875 -0.5625 -1.875
-1.75 -0.5625 -0.15625 -1.375 -1.25 -1.125 1.125 1.125 -0.46875 -1.25 -1.5 -1.625 -0.4375 -1.875 -0.6875 1.875
0.0292969 1.25 -1.5 -0.9375 1.75 -0.46875 0.5625 1.875 0.203125 -0.75 0.125 -1.75 -1.5 -2 1.5 0.6875
-0.8125 -1.125 0.75 1.625 -0.8125 -0.6875 1.375 1.625 1.625 -0.8125 -1.5 -0.234375 -0.8125 1.5 -1.875 0.5625
1.625 1.875 0.625 1.75 -1.75 -0.5625 -2 1.875 1.625 -1.875 -1.875 -0.5625 -0.9375 1.375 -1.375 1.125
0.21875 -0.5 -1.375 2 0.46875 -0.25 -0.5 1.625 1.25 1.25 0.46875 1.5 -0.8125 0.8125 -0.375 0.40625
2 2 0.0507812 0.28125 1.625 2 1.125 -1.75 -0.6875 1.625 1.125 1 0.6875 -0.34375 -0.375 1.25
-0.8125 0.75 0.875 1.375 -0.75 0.9375 -1.625 -1.5 -0.34375 -1.75 1.75 1.625 -1.75 1.375 0.0351562 0.8125
1.5 0.3125 -1.5 -2 -0.0117188 1.75 0.28125 -0.5 -1.875 1.625 -0.6875 0.8125 0.75 -1 -1.75 -0.46875
-0.75 0.8125 1.25 -1.125 0.109375 -1.875 -1.125 1 1.125 1.125 -1.375 0.203125 -0.3125 2 0.625 1.75
-1.375 -0.203125 1.125 -0.5 0.5 0.046875 2 -1.25 1.75 -0.40625 -0.125 0.117188 -0.9375 1.875 1.625 1.875
#FULL_C_16x16 encoded
38 BA 40 BB 2D 3E 3B 31 36 BC C0 A8 BD B1 B9 3D
3C 3A 36 BB BE 32 31 B0 9E 93 B8 B4 AA 2D 3F 22
37 3A BC 32 99 29 BF 3D 3E C0 B9 BA 39 2D BA 3A
B1 A2 AE 1B 9A B6 AA 3D 06 3D 25 39 B5 39 B7 BF
BB BF 3E 40 38 BD 3D 38 B3 05 32 BF 03 37 BA A6
20 37 3F 3B 30 2B 2D 24 BE 35 36 15 3C 33 B1 BF
BE B1 A2 BB BA B9 39 39 AF BA BC BD AE BF B3 3F
0F 3A BC B7 3E AF 31 3F 25 B4 20 BE BC C0 3C 33
B5 B9 34 3D B5 B3 3B 3D 3D B5 BC A7 B5 3C BF 31
3D 3F 32 3E BE B1 C0 3F 3D BF BF B1 B7 3B BB 39
26 B0 BB 40 2F A8 B0 3D 3A 3A 2F 3C B5 35 AC 2D
40 40 15 29 3D 40 39 BE B3 3D 39 38 33 AB AC 3A
B5 34 36 3B B4 37 BD BC AB BE 3E 3D BE 3B 11 35
3C 2A BC C0 86 3E 29 B0 BF 3D B3 35 34 B8 BE AF
B4 35 3A B9 1E BF B9 38 39 39 BB 25 AA 40 32 3E
BB A5 39 B0 30 14 40 BA 3E AD A0 1F B7 3F 3D 3F
#FULL_D_16x16_one_shot_reference
6 -8 -1.625 -5 0.0175781 7 -0.234375 -8 -1.75 -1.875 -4.5 -1.125 -3.75 2.25 -1.625 0.75
4 -0.3125 6 -6.5 -3 2.75 7.5 -1.75 0.4375 -3.25 -2 0.625 -6 8 0.3125 3
0.375 -2.25 -12 -2 2 6 0.75 -3.5 -2.5 -4 1.125 -5 3.5 3 2.75 -0.015625
-1.75 7 -2.75 -0.0234375 4.5 -2.25 3.5 -0.6875 -4 0.875 -3 0.75 0.234375 -4.5 -1.875 -8
6 -9 -6.5 -0.75 14 9 -0.75 -7 -5 -4 5 -4.5 9 11 5.5 -5
-2 -3 -1.5 4 6.5 -0.0546875 3 -4 -4.5 -6.5 -2.5 12 2.5 4.5 11 -7
4 12 3.25 -13 -7 -10 2.5 -7 11 2.75 -7.5 -18 -2 0.15625 -16 5
-3.5 10 3.25 2.5 -5.5 -3.5 3.5 0.8125 1.5 6.5 5 -15 -1 -6.5 -3.5 -0.5625
2 -3.25 4.5 4.5 2.5 5 -2.5 9 3 5 2.25 -2.25 2.25 7 -0.9375 -7
-3.75 8 -0.8125 3.25 -3.25 -5 -9 -1.125 0.8125 -1.125 -4 1.375 -0.203125 -10 -0.875 -1
1.25 3.75 -4 0.875 6.5 6.5 6.5 -8 0.625 0.234375 -7 2.5 5.5 -4 6.5 -7.5
5.5 4.5 2.75 1.5 7 1.375 4.5 4 -0.5 -4.5 3.25 3 4.5 11 1.75 0.0546875
0.75 -3 -4.5 2.5 0.46875 -2.25 -0.625 2.25 -2.5 -5.5 -5 1.75 -2.5 -6.5 -5 1.375
11 -1.375 -4 -0.8125 2.5 -0.203125 1.25 -11 -2.5 4.5 -6 -10 3.5 -1.25 -9 -8
-0.4375 3.25 7.5 6 -0.203125 -6 0.03125 6.5 -1.5 5.5 -3.5 2.5 1.125 -1.25 -1.375 -3.25
-4.5 3.5 3.5 7 -3.25 -6 -6 -10 7.5 8 1.5 3.25 0.9375 11 7.5 -13
#FULL_D_16x16_one_shot_reference encoded
4C D0 BD CA 09 4E A7 D0 BE BF C9 B9 C7 41 BD 34
48 AA 4C CD C4 43 4F BE 2E C5 C0 32 CC 50 2A 44
2C C1 D4 C0 40 4C 34 C6 C2 C8 39 CA 46 44 43 88
BE 4E C3 8C 49 C1 46 B3 C8 36 C4 34 27 C9 BF D0
4C D1 CD B4 56 51 B4 CE CA C8 4A C9 51 53 4B CA
C0 C4 BC 48 4D 96 44 C8 C9 CD C2 54 42 49 53 CE
48 54 45 D5 CE D2 42 CE 53 43 CF D9 C0 22 D8 4A
C6 52 45 42 CB C6 46 35 3C 4D 4A D7 B8 CD C6 B1
40 C5 49 49 42 4A C2 51 44 4A 41 C1 41 4E B7 CE
C7 50 B5 45 C5 CA D1 B9 35 B9 C8 3B A5 D2 B6 B8
3A 47 C8 36 4D 4D 4D D0 32 27 CE 42 4B C8 4D CF
4B 49 43 3C 4E 3B 49 48 B0 C9 45 44 49 53 3E 16
34 C4 C9 42 2F C1 B2 41 C2 CB CA 3E C2 CD CA 3B
53 BB C8 B5 42 A5 3A D3 C2 49 CC D2 46 BA D1 D0
AE 45 4F 4C A5 CC 10 4D BC 4B C6 42 39 BA BB C5
C9 46 46 4E C5 CC CC D2 4F 50 3C 45 37 53 4F D5

#================ SET 0 ================
#A00
0.6875 0.9375 1 1.5
-0.75 1.875 -1 0.875
-0.46875 1.125 0.875 0.875
-0.5625 -1.25 0.3125 -0.40625
#A00 encoded
33 37 38 3C
B4 3F B8 36
AF 39 36 36
B1 BA 2A AD
#A10
1.25 -1.25 1.125 0.8125
1.625 0.078125 1.25 1.375
-2 0.109375 -1.75 1.875
-1.625 0.0859375 0.40625 -1
#A10 encoded
3A BA 39 35
3D 1A 3A 3B
C0 1E BE 3F
BD 1B 2D B8
#B00
0.140625 -1.875 0.015625 0.1875
-1.75 -0.375 -0.9375 -0.6875
-0.5 -0.625 -2 1.875
0.75 0.875 -0.875 -1.25
#B00 encoded
21 BF 08 24
BE AC B7 B3
B0 B2 C0 3F
34 36 B6 BA
#B01
0.9375 0.625 -0.5625 -2
-1.375 0.625 0.109375 -0.9375
0.4375 -0.40625 0.171875 -1.875
-1.125 -1.25 0.09375 -1.5
#B01 encoded
37 32 B1 C0
BB 32 1E B7
2E AD 23 BF
B9 BA 1C BC
#B00_T_for_HMMA
0.140625 -1.75 -0.5 0.75
-1.875 -0.375 -0.625 0.875
0.015625 -0.9375 -2 -0.875
0.1875 -0.6875 1.875 -1.25
#B00_T_for_HMMA encoded
21 BE B0 34
BF AC B2 36
08 B7 C0 B6
24 B3 3F BA
#B01_T_for_HMMA
0.9375 -1.375 0.4375 -1.125
0.625 0.625 -0.40625 -1.25
-0.5625 0.109375 0.171875 0.09375
-2 -0.9375 -1.875 -1.5
#B01_T_for_HMMA encoded
37 BB 2E B9
32 32 AD BA
B1 1E 23 1C
C0 B7 BF BC
#C00_set0
1 -1.25 2 -1.375
1.5 1.25 0.875 -1.375
0.9375 1.25 -1.5 0.625
-0.5625 -0.15625 -0.4375 0.0859375
#C00_set0 encoded
38 BA 40 BB
3C 3A 36 BB
37 3A BC 32
B1 A2 AE 1B
#C10_set0
-1.375 -1.875 1.75 2
0.125 0.9375 1.875 1.375
-1.75 -0.5625 -0.15625 -1.375
0.0292969 1.25 -1.5 -0.9375
#C10_set0 encoded
BB BF 3E 40
20 37 3F 3B
BE B1 A2 BB
0F 3A BC B7
#C01_set0
0.40625 1.75 1.375 0.5625
-1.75 0.625 0.5625 -0.5
-0.0703125 0.28125 -1.875 1.625
-0.078125 -0.875 -0.3125 1.625
#C01_set0 encoded
2D 3E 3B 31
BE 32 31 B0
99 29 BF 3D
9A B6 AA 3D
#C11_set0
1 -1.625 1.625 1
0.5 0.34375 0.40625 0.1875
-1.25 -1.125 1.125 1.125
1.75 -0.46875 0.5625 1.875
#C11_set0 encoded
38 BD 3D 38
30 2B 2D 24
BA B9 39 39
3E AF 31 3F
#golden STEP0_D00_set0 decoded
0.078125 -2.25 -2.25 -1.875
-0.75 3.25 0.34375 -6
-0.875 1.875 -5 0.3125
1.125 0.8125 0.46875 1.875
#golden STEP0_D00_set0 encoded
1A C1 C1 BF
B4 45 2B CC
B6 3F CA 2A
39 35 2F 3F
#golden STEP0_D10_set0 decoded
1 -3.75 -0.0195312 4
0.625 -1.75 -1.875 2.25
0.0585938 6 1.625 -7.5
-1.25 3.25 -1.5 0.6875
#golden STEP0_D10_set0 encoded
38 C7 8A 48
32 BE BF 41
17 4C 3D CF
BA 45 BC 33
#golden STEP1_D01_set0 decoded
-1.5 0.46875 1.375 -6
-6.5 0.625 1.125 -0.1875
-2.75 -0.75 -1.25 -1.5
1.75 -1.625 -0.117188 4
#golden STEP1_D01_set0 encoded
BC 2F 3B CC
CD 32 39 A4
C3 B4 BA BC
3E BD 9F 48
#golden STEP1_D11_set0 decoded
3.5 -3 1 -3.75
0.9375 -0.8125 -0.15625 -7.5
-6 -4 2.25 5.5
1.375 -0.34375 1.5 6
#golden STEP1_D11_set0 encoded
46 C4 38 C7
37 B5 A2 CF
CC C8 41 4B
3B AB 3C 4C

#================ SET 1 ================
#A01
-0.625 0.625 -0.875 0.375
0.28125 0.8125 0.5625 0.8125
0.875 1.5 0.375 1.875
-1.625 0.25 0.15625 -1.25
#A01 encoded
B2 32 B6 2C
29 35 31 35
36 3C 2C 3F
BD 28 22 BA
#A11
1.875 1.875 -0.875 1.125
0.9375 -0.4375 1.5 0.9375
-2 0.875 -1 1.875
0.4375 1.625 -2 -1.125
#A11 encoded
3F 3F B6 39
37 AE 3C 37
C0 36 B8 3F
2E 3D C0 B9
#B10
-1.25 -0.5 0.4375 1.125
1.125 0.40625 0.140625 0.0546875
0.25 -1.75 -0.6875 0.5
0.875 -1.625 -1.375 -1.5
#B10 encoded
BA B0 2E 39
39 2D 21 16
28 BE B3 30
36 BD BB BC
#B11
-0.5625 0.5 -0.0703125 1.375
1.375 0.4375 0.15625 -1.75
1.625 -0.5625 1.5 1.625
1.75 1.625 1.25 -1.5
#B11 encoded
B1 30 99 3B
3B 2E 22 BE
3D B1 3C 3D
3E 3D 3A BC
#B10_T_for_HMMA
-1.25 1.125 0.25 0.875
-0.5 0.40625 -1.75 -1.625
0.4375 0.140625 -0.6875 -1.375
1.125 0.0546875 0.5 -1.5
#B10_T_for_HMMA encoded
BA 39 28 36
B0 2D BE BD
2E 21 B3 BB
39 16 30 BC
#B11_T_for_HMMA
-0.5625 1.375 1.625 1.75
0.5 0.4375 -0.5625 1.625
-0.0703125 0.15625 1.5 1.25
1.375 -1.75 1.625 -1.5
#B11_T_for_HMMA encoded
B1 3B 3D 3E
30 2E B1 3D
99 22 3C 3A
3B BE 3D BC
#C00_set1
0.078125 -2.25 -2.25 -1.875
-0.75 3.25 0.34375 -6
-0.875 1.875 -5 0.3125
1.125 0.8125 0.46875 1.875
#C00_set1 encoded
1A C1 C1 BF
B4 45 2B CC
B6 3F CA 2A
39 35 2F 3F
#C10_set1
1 -3.75 -0.0195312 4
0.625 -1.75 -1.875 2.25
0.0585938 6 1.625 -7.5
-1.25 3.25 -1.5 0.6875
#C10_set1 encoded
38 C7 8A 48
32 BE BF 41
17 4C 3D CF
BA 45 BC 33
#C01_set1
-1.5 0.46875 1.375 -6
-6.5 0.625 1.125 -0.1875
-2.75 -0.75 -1.25 -1.5
1.75 -1.625 -0.117188 4
#C01_set1 encoded
BC 2F 3B CC
CD 32 39 A4
C3 B4 BA BC
3E BD 9F 48
#C11_set1
3.5 -3 1 -3.75
0.9375 -0.8125 -0.15625 -7.5
-6 -4 2.25 5.5
1.375 -0.34375 1.5 6
#C11_set1 encoded
46 C4 38 C7
37 B5 A2 CF
CC C8 41 4B
3B AB 3C 4C
#golden STEP0_D00_set1 decoded
1.625 -0.75 -2.25 -3.5
0.6875 1.125 -0.9375 -6.5
1.5 -1.625 -7 -1.25
2.5 3.5 1.375 2
#golden STEP0_D00_set1 encoded
3D B4 C1 C6
33 39 B7 CD
3C BD CE BA
42 46 3B 40
#golden STEP0_D10_set1 decoded
1.5 -4 0.117188 4
0.15625 -6.5 -3.75 2.5
5 6 -1 -13
-1.5 9 1.875 2
#golden STEP0_D10_set1 encoded
3C C8 1F 48
22 CD C7 42
4A 4C B8 D5
BC 51 3F 40
#golden STEP1_D01_set1 decoded
-1 1.5 0.6875 -10
-3.25 2 3 -1.5
2.75 3.25 1.875 -5
1.125 -4.5 -1.25 3.5
#golden STEP1_D01_set1 encoded
B8 3C 33 D2
C5 40 44 BC
43 45 3F CA
39 C9 BA 46
#golden STEP1_D11_set1 decoded
5.5 1.125 1.25 -7.5
4 0.140625 3.25 -4.5
-2 -1 3.25 -3.25
-1.875 -0.117188 -2.75 2.25
#golden STEP1_D11_set1 encoded
4B 39 3A CF
48 21 45 C9
C0 B8 45 C5
BF 9F C3 41

#================ SET 2 ================
#A02
1 1.125 -0.3125 0.0351562
1.625 0.25 -1.75 -0.9375
-1.5 0.5 0.875 -0.09375
0.375 0.28125 1.125 -0.5625
#A02 encoded
38 39 AA 11
3D 28 BE B7
BC 30 36 9C
2C 29 39 B1
#A12
-0.75 0.5 0.40625 -1.75
1 1.625 0.40625 0.117188
-0.46875 -1.875 -1.875 0.21875
-1.125 -1.5 -1.375 0.5
#A12 encoded
B4 30 2D BE
38 3D 2D 1F
AF BF BF 26
B9 BC BB 30
#B20
0.75 -1.625 1.625 0.5625
-0.375 0.46875 -0.75 -1.25
-0.875 -0.28125 -1.125 1.5
-0.75 0.140625 -0.625 -0.09375
#B20 encoded
34 BD 3D 31
AC 2F B4 BA
B6 A9 B9 3C
B4 21 B2 9C
#B21
-0.171875 0.625 1.5 -0.09375
1.5 1.875 -0.171875 -0.6875
-0.5625 0.625 -0.4375 1.625
-0.9375 -1.5 -1.875 -1.375
#B21 encoded
A3 32 3C 9C
3C 3F A3 B3
B1 32 AE 3D
B7 BC BF BB
#B20_T_for_HMMA
0.75 -0.375 -0.875 -0.75
-1.625 0.46875 -0.28125 0.140625
1.625 -0.75 -1.125 -0.625
0.5625 -1.25 1.5 -0.09375
#B20_T_for_HMMA encoded
34 AC B6 B4
BD 2F A9 21
3D B4 B9 B2
31 BA 3C 9C
#B21_T_for_HMMA
-0.171875 1.5 -0.5625 -0.9375
0.625 1.875 0.625 -1.5
1.5 -0.171875 -0.4375 -1.875
-0.09375 -0.6875 1.625 -1.375
#B21_T_for_HMMA encoded
A3 3C B1 B7
32 3F 32 BC
3C A3 AE BF
9C B3 3D BB
#C00_set2
1.625 -0.75 -2.25 -3.5
0.6875 1.125 -0.9375 -6.5
1.5 -1.625 -7 -1.25
2.5 3.5 1.375 2
#C00_set2 encoded
3D B4 C1 C6
33 39 B7 CD
3C BD CE BA
42 46 3B 40
#C10_set2
1.5 -4 0.117188 4
0.15625 -6.5 -3.75 2.5
5 6 -1 -13
-1.5 9 1.875 2
#C10_set2 encoded
3C C8 1F 48
22 CD C7 42
4A 4C B8 D5
BC 51 3F 40
#C01_set2
-1 1.5 0.6875 -10
-3.25 2 3 -1.5
2.75 3.25 1.875 -5
1.125 -4.5 -1.25 3.5
#C01_set2 encoded
B8 3C 33 D2
C5 40 44 BC
43 45 3F CA
39 C9 BA 46
#C11_set2
5.5 1.125 1.25 -7.5
4 0.140625 3.25 -4.5
-2 -1 3.25 -3.25
-1.875 -0.117188 -2.75 2.25
#C11_set2 encoded
4B 39 3A CF
48 21 45 C9
C0 B8 45 C5
BF 9F C3 41
#golden STEP0_D00_set2 decoded
2.25 -1.75 -1.125 -5
4 -1 4 -8
-0.5 0.8125 -11 -1.375
2 2.75 0.875 3.5
#golden STEP0_D00_set2 encoded
41 BE B9 CA
48 B8 48 D0
B0 35 D3 BB
40 43 36 46
#golden STEP0_D10_set2 decoded
1.75 -3 -0.8125 3.75
-0.140625 -7.5 -3.75 1.625
7 6.5 1.625 -14
-0.9375 11 2.5 1.125
#golden STEP0_D10_set2 encoded
3E C4 B5 47
A1 CF C7 3D
4E 4D 3D D6
B7 53 42 39
#golden STEP1_D01_set2 decoded
0.6875 4 2 -11
-1.25 3.75 8 -3.5
3.25 4 -0.6875 -3.75
1.375 -2.25 -0.171875 6
#golden STEP1_D01_set2 encoded
33 48 40 D3
BA 47 50 C6
45 48 B3 C7
3B C1 A3 4C
#golden STEP1_D11_set2 decoded
8 4.5 3.25 -4.5
6 4 4 -5
-4 -6.5 3.25 -5.5
-3.75 -5 -4.5 0.46875
#golden STEP1_D11_set2 encoded
50 49 45 C9
4C 48 48 CA
C8 CD 45 CB
C7 CA C9 2F

#================ SET 3 ================
#A03
-0.6875 -1.375 -0.9375 1.625
0.8125 -0.0234375 0.1875 0.375
-0.875 0.203125 -0.5625 1.625
-1 1.75 0.25 -1.875
#A03 encoded
B3 BB B7 3D
35 8C 24 2C
B6 25 B1 3D
B8 3E 28 BF
#A13
-2 -1.75 -1.5 -1
1.5 -0.1875 1.25 -1.75
2 1.875 -0.625 -0.0703125
-1.625 0.9375 1.5 1.75
#A13 encoded
C0 BE BC B8
3C A4 3A BE
40 3F B2 99
BD 37 3C 3E
#B30
-0.0859375 1.125 1.625 1.25
-1.625 1.875 -0.28125 -0.625
-1.125 0.9375 1.375 1.625
0.34375 -1.125 1 0.9375
#B30 encoded
9B 39 3D 3A
BD 3F A9 B2
B9 37 3B 3D
2B B9 38 37
#B31
-1.25 -1.625 -1.375 1.125
-0.5625 -0.46875 1.75 -1.75
-0.4375 -0.75 2 1.125
-1.625 0.375 0.625 1.375
#B31 encoded
BA BD BB 39
B1 AF 3E BE
AE B4 40 39
BD 2C 32 3B
#B30_T_for_HMMA
-0.0859375 -1.625 -1.125 0.34375
1.125 1.875 0.9375 -1.125
1.625 -0.28125 1.375 1
1.25 -0.625 1.625 0.9375
#B30_T_for_HMMA encoded
9B BD B9 2B
39 3F 37 B9
3D A9 3B 38
3A B2 3D 37
#B31_T_for_HMMA
-1.25 -0.5625 -0.4375 -1.625
-1.625 -0.46875 -0.75 0.375
-1.375 1.75 2 0.625
1.125 -1.75 1.125 1.375
#B31_T_for_HMMA encoded
BA B1 AE BD
BD AF B4 2C
BB 3E 40 32
39 BE 39 3B
#C00_set3
2.25 -1.75 -1.125 -5
4 -1 4 -8
-0.5 0.8125 -11 -1.375
2 2.75 0.875 3.5
#C00_set3 encoded
41 BE B9 CA
48 B8 48 D0
B0 35 D3 BB
40 43 36 46
#C10_set3
1.75 -3 -0.8125 3.75
-0.140625 -7.5 -3.75 1.625
7 6.5 1.625 -14
-0.9375 11 2.5 1.125
#C10_set3 encoded
3E C4 B5 47
A1 CF C7 3D
4E 4D 3D D6
B7 53 42 39
#C01_set3
0.6875 4 2 -11
-1.25 3.75 8 -3.5
3.25 4 -0.6875 -3.75
1.375 -2.25 -0.171875 6
#C01_set3 encoded
33 48 40 D3
BA 47 50 C6
45 48 B3 C7
3B C1 A3 4C
#C11_set3
8 4.5 3.25 -4.5
6 4 4 -5
-4 -6.5 3.25 -5.5
-3.75 -5 -4.5 0.46875
#C11_set3 encoded
50 49 45 C9
4C 48 48 CA
C8 CD 45 CB
C7 CA C9 2F
#golden STEP0_D00_set3 decoded
6 -8 -1.5 -5
4 -0.375 6 -6.5
0.4375 -2.25 -12 -2
-1.625 7 -2.75 -0.1875
#golden STEP0_D00_set3 encoded
4C D0 BC CA
48 AC 4C CD
2E C1 D4 C0
BD 4E C3 A4
#golden STEP0_D10_set3 decoded
6 -9 -6.5 -1
-2 -3 -1.25 4
4.5 12 3.5 -14
-3.5 10 3.5 2.5
#golden STEP0_D10_set3 encoded
4C D1 CD B8
C0 C4 BA 48
49 54 46 D6
C6 52 46 42
#golden STEP1_D01_set3 decoded
0.0859375 7 -0.3125 -8
-3 2.5 7.5 -1.875
1.875 6.5 0.75 -3.5
4.5 -2.25 3.5 -0.46875
#golden STEP1_D01_set3 encoded
1B 4E AA D0
C4 42 4F BF
3F 4D 34 C6
49 C1 46 AF
#golden STEP1_D11_set3 decoded
14 9 -0.6875 -6.5
6.5 0.0546875 3 -4
-7 -10 2.5 -7.5
-5.5 -3.25 3.5 1.125
#golden STEP1_D11_set3 encoded
56 51 B3 CD
4D 16 44 C8
CE D2 42 CF
CB C5 46 39

#FINAL_CHAINED_8x8_FROM_STAGED_FP8
#D00_final encoded
4C D0 BC CA
48 AC 4C CD
2E C1 D4 C0
BD 4E C3 A4
#D01_final encoded
1B 4E AA D0
C4 42 4F BF
3F 4D 34 C6
49 C1 46 AF
#D10_final encoded
4C D1 CD B8
C0 C4 BA 48
49 54 46 D6
C6 52 46 42
#D11_final encoded
56 51 B3 CD
4D 16 44 C8
CE D2 42 CF
CB C5 46 39

#FINAL_IDEAL_8x8_ONE_SHOT_REFERENCE
#D_expected_top_left_8x8 decoded
6 -8 -1.625 -5 0.0175781 7 -0.234375 -8
4 -0.3125 6 -6.5 -3 2.75 7.5 -1.75
0.375 -2.25 -12 -2 2 6 0.75 -3.5
-1.75 7 -2.75 -0.0234375 4.5 -2.25 3.5 -0.6875
6 -9 -6.5 -0.75 14 9 -0.75 -7
-2 -3 -1.5 4 6.5 -0.0546875 3 -4
4 12 3.25 -13 -7 -10 2.5 -7
-3.5 10 3.25 2.5 -5.5 -3.5 3.5 0.8125
#D_expected_top_left_8x8 encoded
4C D0 BD CA 09 4E A7 D0
48 AA 4C CD C4 43 4F BE
2C C1 D4 C0 40 4C 34 C6
BE 4E C3 8C 49 C1 46 B3
4C D1 CD B4 56 51 B4 CE
C0 C4 BC 48 4D 96 44 C8
48 54 45 D5 CE D2 42 CE
C6 52 45 42 CB C6 46 35
