#FULL_A_16x16
2.25 -0.484375 2.875 1.59375 -3.25 3.75 2.125 2.25 -3 -0.390625 -1.03125 3.375 1.15625 2.625 -0.453125 -2.125
0.4375 -3.5 2.625 1.0625 2.125 -1.15625 3.75 3.125 2.25 -2.5 -0.265625 -3.625 -2.75 1.46875 1.96875 3.75
-1.40625 -1.03125 -0.25 -2.5 -3 -0.1875 -2.125 1.34375 -0.5 2.625 1.59375 -1.5 2.625 2.5 -0.90625 -1.6875
1.46875 -2.875 -2.375 -4 2.25 1.3125 1.65625 2.25 -0.328125 0.546875 -2.875 -3.125 1.34375 -0.234375 0.515625 2.125
1.0625 0.421875 0.46875 -1.5625 -3.75 -0.5 -2.25 -0.734375 2.875 -2.125 -3.5 -1.75 -1.65625 1.28125 0.453125 2.25
1.3125 -0.75 2.5 -2.625 -3.875 -3.25 1.78125 -0.3125 -2.75 0.015625 -2.75 1.5625 -0.4375 -0.953125 -1.59375 1.03125
-1.09375 -3.25 -3 3.75 3.25 1.59375 -1.875 3.75 2.25 1.75 -0.40625 -1.8125 -3.25 3.25 -0.359375 -2.375
-1.5625 0.640625 -2.625 2.875 2.125 1.75 -0.546875 1.03125 0.671875 1.1875 -3.375 -0.671875 -3.625 -0.046875 -1.375 -2.875
-3.125 0.703125 -2.625 3.375 0.65625 -1.21875 0.734375 -3.875 3.625 -0.140625 2.25 -3.375 -0.109375 -0.078125 3.5 0.578125
-0.21875 -1.875 -1.34375 0.171875 -0.484375 -3.875 2.625 3.125 -2.875 0.4375 -3.125 1.375 -1.75 1.28125 1.8125 2.125
-3.125 3.375 -2.125 -3.75 0.4375 -1.03125 2.625 2.5 -1.46875 3.625 -1.6875 0.125 -1.9375 3.5 -2.625 -3.625
-0.515625 4 3.125 2 3.125 3.125 0.15625 -1.46875 2.125 1.28125 -1 -3.25 1.96875 -1.90625 3.5 -2.125
-3 2.625 -2.75 -2.625 0.796875 3 -2.375 -1.53125 2.25 3.75 0 -2.875 -3.875 -2.125 -3 1.40625
-3 0.046875 1.5625 0.65625 -2.375 2.375 1.71875 1.90625 -3 -3 3.375 -0.8125 -1.59375 -0.09375 1.3125 3.625
-1.71875 3.375 -3.75 0.4375 1.0625 -3.125 -2.875 -0.640625 3.75 0.765625 3.5 2.375 -0.265625 2.25 -3.875 -3.125
2.625 2.375 -2.125 0.25 0.84375 3 0.828125 -0.703125 -1 -0.59375 1.21875 3 -0.375 -2 -2.125 1.96875
#FULL_A_16x16 encoded
62 E1 67 53 96 6E 61 62 98 E7 BF 6B 45 65 E3 9F
1C 94 65 42 61 BB 6E 69 62 9C EF 93 9A 4F 5F 6E
B3 BF F0 9C 98 F4 9F 4B E0 65 53 B0 65 64 C6 AA
4F 99 9D 90 62 4A 55 62 EB 23 99 97 4B F1 21 61
42 1B 1E AE 92 E0 9E D1 67 9F 94 A8 AB 49 1D 62
4A D0 64 9B 91 96 59 EC 9A 01 9A 52 E4 C3 AD 41
BD 96 98 6E 6A 53 A4 6E 62 58 E6 A6 96 6A E9 9D
AE 29 9B 67 61 58 DD 41 2B 46 95 D5 93 FD B4 99
97 2D 9B 6B 2A B9 2F 91 6D F7 62 95 F9 FB 6C 25
F2 A4 B5 0B E1 91 65 69 99 1C 97 4C A8 49 5A 61
97 6B 9F 92 1C BF 65 64 B1 6D AA 08 A2 6C 9B 93
DF 70 69 60 69 69 0A B1 61 49 C0 96 5F A3 6C 9F
98 65 9A 9B 33 68 9D AF 62 6E 00 99 91 9F 98 4D
98 03 52 2A 9D 63 57 5D 98 98 6B CC AD FA 4A 6D
A9 6B 92 1C 42 97 99 D7 6E 31 6C 63 EF 62 91 97
65 63 9F 10 36 68 35 D3 C0 DA 47 68 E8 A0 9F 5F
#FULL_B_16x16
2.5 -3.125 -3.5 0.75 -2.875 2.625 -1.53125 -2.875 3.375 -2.625 -1.71875 -2.75 -3.125 -3.875 -3.5 -2.625
-3.625 0.734375 1.4375 -0.84375 -1.46875 0.03125 3 2.75 -3.625 -2.5 -2.125 -2 0.5625 -0.671875 -3.625 -1
0.1875 -3.125 2.625 -3.625 3.375 -3.25 2.75 3.25 3.875 2.375 2.25 1.125 2.25 -2.875 0.28125 0.109375
2.875 -0.296875 -0.921875 1.125 -1.875 -2.875 -0.171875 -0.671875 -2.125 -1.0625 -1.0625 -1.375 -0.96875 1.5 -1.625 3.625
3.375 -0.15625 -1.375 0.28125 2.75 1.21875 2.375 0.265625 1.0625 -1.6875 1.875 -2.375 1.5625 2.875 -3 0.921875
-3.25 1.8125 -3.375 3.5 -2.875 3.625 2.375 0.75 2.25 2.375 3.625 -1.96875 0.71875 -3.25 0.921875 -2.625
0.515625 0.578125 -0.265625 0.1875 2.125 2.375 -0.0625 0.796875 3.5 -3 -3.125 -3.25 1.25 -0.65625 2.25 1.375
-1.34375 3.125 2.125 -1.84375 -1.09375 -1.5 -2.75 -2.875 3.5 -0.5 -0.9375 1.84375 0.421875 3.5 2.25 -0.171875
-0.984375 3.875 1.75 3.625 -3 2.75 1.09375 -3 0.703125 1.5 -3.875 -0.359375 2.625 -1.625 -0.328125 -0.46875
-1.59375 3.375 2.25 -3.125 4 3 -1.71875 2.75 -3.125 4 1.3125 1.1875 -3.25 3.125 -3.75 -2.125
-2.875 2.25 -2.375 3.25 1.25 -3.75 -4 -3.625 0.84375 2.375 -2.125 2.75 -3.5 2.375 3.375 2.125
1.59375 2.75 -3.625 -2.375 -3 0.03125 1.96875 1.03125 2.75 -2.75 1.875 -2.5 -1.84375 1.6875 3.875 0.890625
-3.625 0.9375 -3.625 3.125 1.6875 -2.625 -3.25 -2.5 3.875 -0.328125 2.25 1.09375 0.578125 -2.875 3.625 -1.59375
0.625 1.59375 1.1875 3.5 -2.75 0.0625 -0.765625 -0.203125 -3 -2.875 -1.78125 -1.5625 -0.578125 0.890625 1.0625 -0.703125
-0.734375 -2.25 0.703125 -1.46875 -3.75 -0.65625 -0.203125 -2.25 0.578125 0.53125 1.625 1.1875 1.21875 -1.46875 2.25 0.390625
-0.546875 1 -1.125 0.109375 1.90625 3.125 3.375 0.03125 0.15625 2.375 -1.5 2.75 -0.046875 -3.125 -3.375 2.75
#FULL_B_16x16 encoded
64 97 94 30 99 65 AF 99 6B 9B A9 9A 97 91 94 9B
93 2F 4E CA B1 02 68 66 93 9C 9F A0 24 D5 93 C0
0C 97 65 93 6B 96 66 6A 6F 63 62 44 62 99 12 07
67 ED C5 44 A4 99 F5 D5 9F BE BE B4 C2 50 AC 6D
6B F6 B4 12 66 47 63 11 42 AA 5C 9D 52 67 98 3B
96 5A 95 6C 99 6D 63 30 62 63 6D A1 2E 96 3B 9B
21 25 EF 0C 61 63 FC 33 6C 98 97 96 48 D6 62 4C
B5 69 61 A5 BD B0 9A 99 6C E0 C4 5B 1B 6C 62 F5
C1 6F 58 6D 98 66 43 98 2D 50 91 E9 65 AC EB E2
AD 6B 62 97 70 68 A9 66 97 70 4A 46 96 69 92 9F
99 62 9D 6A 48 92 90 93 36 63 9F 66 94 63 6B 61
53 66 93 9D 98 02 5F 41 66 9A 5C 9C A5 56 6F 39
93 3C 93 69 56 9B 96 9C 6F EB 62 43 25 99 6D AD
28 53 46 6C 9A 04 CF F3 98 99 A7 AE DB 39 42 D3
D1 9E 2D B1 92 D6 F3 9E 25 22 54 46 47 B1 62 19
DD 40 BC 07 5D 69 6B 02 0A 63 B0 66 FD 97 95 66
#FULL_C_16x16
-3.5 -1.75 -1.3125 -2.625 -1.5 1.9375 -3.875 2.625 2.875 -1.03125 -2.75 0.8125 -3 -1.09375 3.625 4
2.125 -1.5 1.5 1.65625 -0.890625 1.125 -3.875 -2.375 0.203125 -2.75 -2.625 2.75 3.875 0.453125 2.75 3.875
-2.875 -0.40625 -0.859375 -3.375 2 -0.53125 -0.25 -2.75 -2.5 3.25 -3.625 -2.125 -1.65625 -0.078125 0.6875 -0.046875
-3.375 -2 2.75 1.09375 1.1875 1.375 2.125 -3.5 -1.0625 0.3125 -1.28125 2.75 -0.140625 2.125 2.875 0.03125
3.25 0.703125 2.75 -1.28125 -0.015625 0.25 -3.125 -0.8125 3.375 1.03125 -2.625 -1.28125 -2.5 -3.75 3.375 -0.421875
-1.53125 0.78125 -4 -1.78125 1.625 1.0625 3.875 0.96875 -0.1875 2.125 3.25 1.75 3.75 2.25 2.875 -3.125
1.84375 -0.484375 0.421875 1.21875 3.75 3.875 -1.6875 1.875 2 -1.21875 -3 -3.625 2.25 -0.078125 3.875 -0.28125
3.875 -0.703125 2.375 -3.375 0.4375 2.375 3.375 2.625 -3.75 -1.03125 -3.625 -3.125 1.40625 1.71875 2.25 2.875
1.90625 2.375 -3.625 -2.125 0.96875 2.875 -4 0.109375 1.40625 -3.75 -0.796875 3.125 1.375 -2.125 2.875 -1.21875
2.875 -1.59375 0.71875 -0.828125 -1.8125 3.125 -2.5 -3.375 -1.25 1.75 2.5 4 -1.625 -0.734375 -2.875 0.59375
4 1.59375 0.765625 -0.859375 3.375 -0.03125 -2.875 -1.0625 -3.5 -2.375 -3.875 -0.375 1.0625 -1.25 -0.640625 3.625
2 0.328125 -1.71875 3.125 -2.125 -1.40625 3.25 0.234375 1.9375 0.71875 1.21875 -1.59375 -2.125 -1.40625 -2.75 3
-1.71875 0.484375 2.375 2.25 -0.5 -0.1875 4 1.40625 2.5 3.25 2.25 -2.5 0.5 -3.125 1.21875 3.625
0.109375 -0.53125 -3.75 3.625 -3.125 -3.625 -2 -3.5 -0.359375 0.125 -1.5 -3.625 -3.125 -0.921875 -3.5 1.59375
-2.375 -1.59375 -0.84375 -0.671875 -4 -3.125 2.875 -4 0.0625 -0.078125 -1.34375 -0.546875 2.25 2.75 -1.90625 -1.40625
-2 -0.15625 1.46875 -2.125 -1.34375 3.5 -3.625 -0.3125 1.6875 -2.75 -3.625 -2.875 3.375 -3.875 -2.5 -3.75
#FULL_C_16x16 encoded
94 A8 B6 9B B0 5E 91 65 67 BF 9A 34 98 BD 6D 70
61 B0 50 55 C7 44 91 9D 0D 9A 9B 66 6F 1D 66 6F
99 E6 C9 95 60 DE F0 9A 9C 6A 93 9F AB FB 2C FD
95 A0 66 43 46 4C 61 94 BE 14 B7 66 F7 61 67 02
6A 2D 66 B7 FF 10 97 CC 6B 41 9B B7 9C 92 6B E5
AF 32 90 A7 54 42 6F 3E F4 61 6A 58 6E 62 67 97
5B E1 1B 47 6E 6F AA 5C 60 B9 98 93 62 FB 6F EE
6F D3 63 95 1C 63 6B 65 92 BF 93 97 4D 57 62 67
5D 63 93 9F 3E 67 90 07 4D 92 CD 69 4C 9F 67 B9
67 AD 2E CB A6 69 9C 95 B8 58 64 70 AC D1 99 26
70 53 31 C9 6B FE 99 BE 94 9D 91 E8 42 B8 D7 6D
60 15 A9 69 9F B3 6A 0F 5E 2E 47 AD 9F B3 9A 68
A9 1F 63 62 E0 F4 70 4D 64 6A 62 9C 20 97 47 6D
07 DE 92 6D 97 93 A0 94 E9 08 B0 93 97 C5 94 53
9D AD CA D5 90 97 67 90 04 FB B5 DD 62 66 A3 B3
A0 F6 4F 9F B5 6C 93 EC 56 9A 93 99 6B 91 9C 92
#FULL_D_16x16_one_shot_reference
-5 -5 -24 -8 -32 -10 -10 12 32 -24 16 -24 -14 -16 32 -12
32 -16 32 6 8 10 6 -24 32 0.15625 -32 12 32 -10 -2 32
-32 24 14 7 14 -16 -32 -10 -14 24 3.875 32 -16 12 24 -24
-3.875 -2.75 -0.625 8 16 32 -5.5 -16 24 4.5 6 7 14 -14 -8 -24
1.84375 -14 32 2.625 -32 24 16 -1.84375 -14 7 -24 7.5 16 -32 -16 -12
10 -24 8 -64 24 0.3125 8 32 16 -7.5 2.75 7 -1.125 -16 6 -7
32 32 24 24 -24 14 -16 -24 -32 1 -10 -12 -0.1875 64 -8 3.625
24 12 24 -8 -16 24 16 24 -32 -12 -1.3125 -32 10 32 -32 -0.328125
-5 7.5 8 32 -5.5 -1.75 -5.5 -16 -32 12 -32 12 14 0.546875 -6 24
32 -8 16 -32 1.8125 8 -8 0.359375 -1.375 -24 -8 6 -4.5 24 0.859375 16
-10 32 32 -24 24 16 -10 32 -32 -24 -16 -16 -0.28125 64 -2.5 -16
-24 -14 10 7 0.46875 -1.71875 32 14 2 16 24 -14 32 -24 -32 -12
-32 32 32 6 24 64 32 32 -64 64 -1.4375 8 1.78125 12 -64 -12
-24 -1.9375 -5.5 5.5 0.890625 -24 5.5 -4 12 16 -4.5 24 2.25 -8 32 32
-10 64 4 32 -16 -16 -14 -16 -64 -16 -32 -10 -16 64 -3.75 1.15625
-5.5 12 -32 8 -14 32 16 3 16 -16 -5.5 -32 -16 -16 -16 -4.5
#FULL_D_16x16_one_shot_reference encoded
8E 8E 83 88 82 87 87 7A 7E 83 7C 83 85 84 7E 86
7E 84 7E 74 78 79 74 83 7E 0A 82 7A 7E 87 A0 7E
82 7D 7B 76 7B 84 82 87 85 7D 6F 7E 84 7A 7D 83
91 9A D8 78 7C 7E 8D 84 7D 71 74 76 7B 85 88 83
5B 85 7E 65 82 7D 7C A5 85 76 83 77 7C 82 84 86
79 83 78 81 7D 14 78 7E 7C 89 66 76 BC 84 74 8A
7E 7E 7D 7D 83 7B 84 83 82 40 87 86 F4 7F 88 6D
7D 7A 7D 88 84 7D 7C 7D 82 86 B6 82 79 7E 82 EB
8E 77 78 7E 8D A8 8D 84 82 7A 82 7A 7B 23 8C 7D
7E 88 7C 82 5A 78 88 17 B4 83 88 74 8F 7D 37 7C
87 7E 7E 83 7D 7C 87 7E 82 83 84 84 EE 7F 9C 84
83 85 79 76 1E A9 7E 7B 60 7C 7D 85 7E 83 82 86
82 7E 7E 74 7D 7F 7E 7E 81 7F B2 78 59 7A 81 86
83 A2 8D 73 39 83 73 90 7A 7C 8F 7D 62 88 7E 7E
87 7F 70 7E 84 84 85 84 81 84 82 87 84 7F 92 45
8D 7A 82 78 85 7E 7C 68 7C 84 8D 82 84 84 84 8F
